[[ 0.54623575  0.          0.         ...,  0.          0.          0.        ]][[ 0.          0.27042637  0.         ...,  0.          0.          0.        ]][[ 0.          0.          0.08462523 ...,  0.          0.          0.        ]][[ 0.  0.  0. ...,  0.  0.  0.]][[ 0.  0.  0. ...,  0.  0.  0.]][[  4.42581769e-01   0.00000000e+00   0.00000000e+00 ...,   7.75774727e-07
    0.00000000e+00   7.75774727e-07]][[ 0.  0.  0. ...,  0.  0.  0.]][[ 0.  0.  0. ...,  0.  0.  0.]][[ 0.  0.  0. ...,  0.  0.  0.]][[ 0.  0.  0. ...,  0.  0.  0.]][[ 0.  0.  0. ...,  0.  0.  0.]][[ 0.  0.  0. ...,  0.  0.  0.]][[ 0.  0.  0. ...,  0.  0.  0.]][[ 0.          0.          0.09184869 ...,  0.          0.          0.        ]][[ 0.  0.  0. ...,  0.  0.  0.]][[ 0.  0.  0. ...,  0.  0.  0.]][[ 0.  0.  0. ...,  0.  0.  0.]][[  0.00000000e+00   0.00000000e+00   0.00000000e+00 ...,   2.71590051e-07
    0.00000000e+00   2.71590051e-07]][[ 0.  0.  0. ...,  0.  0.  0.]][[ 0.  0.  0. ...,  0.  0.  0.]][[ 0.  0.  0. ...,  0.  0.  0.]][[ 0.  0.  0. ...,  0.  0.  0.]][[ 0.  0.  0. ...,  0.  0.  0.]][[ 0.  0.  0. ...,  0.  0.  0.]][[ 0.  0.  0. ...,  0.  0.  0.]][[ 0.  0.  0. ...,  0.  0.  0.]][[ 0.  0.  0. ...,  0.  0.  0.]][[ 0.  0.  0. ...,  0.  0.  0.]][[ 0.  0.  0. ...,  0.  0.  0.]][[ 0.  0.  0. ...,  0.  0.  0.]][[ 0.  0.  0. ...,  0.  0.  0.]][[ 0.  0.  0. ...,  0.  0.  0.]][[ 0.  0.  0. ...,  0.  0.  0.]][[ 0.  0.  0. ...,  0.  0.  0.]][[ 0.  0.  0. ...,  0.  0.  0.]][[ 0.  0.  0. ...,  0.  0.  0.]][[ 0.  0.  0. ...,  0.  0.  0.]][[ 0.  0.  0. ...,  0.  0.  0.]][[ 0.          0.18076999  0.         ...,  0.          0.          0.        ]][[ 0.  0.  0. ...,  0.  0.  0.]][[  0.00000000e+00   0.00000000e+00   0.00000000e+00 ...,   1.04693734e-06
    0.00000000e+00   1.04693734e-06]][[ 0.  0.  0. ...,  0.  0.  0.]][[ 0.  0.  0. ...,  0.  0.  0.]][[ 0.  0.  0. ...,  0.  0.  0.]][[ 0.          0.30845953  0.         ...,  0.          0.          0.        ]][[ 0.  0.  0. ...,  0.  0.  0.]][[ 0.  0.  0. ...,  0.  0.  0.]][[  0.00000000e+00   2.47757639e-01   0.00000000e+00 ...,   7.74595738e-07
    0.00000000e+00   7.74595738e-07]][[ 0.  0.  0. ...,  0.  0.  0.]][[ 0.  0.  0. ...,  0.  0.  0.]][[ 0.  0.  0. ...,  0.  0.  0.]][[  0.00000000e+00   0.00000000e+00   0.00000000e+00 ...,   1.34127367e-06
    0.00000000e+00   1.34127367e-06]][[ 0.  0.  0. ...,  0.  0.  0.]][[ 0.  0.  0. ...,  0.  0.  0.]][[ 0.  0.  0. ...,  0.  0.  0.]][[  0.00000000e+00   0.00000000e+00   0.00000000e+00 ...,   6.86289043e-06
    0.00000000e+00   6.86289043e-06]][[ 0.  0.  0. ...,  0.  0.  0.]][[ 0.20725459  0.          0.         ...,  0.          0.          0.        ]][[ 0.14828211  0.          0.         ...,  0.          0.          0.        ]][[ 0.  0.  0. ...,  0.  0.  0.]][[ 0.  0.  0. ...,  0.  0.  0.]][[ 0.  0.  0. ...,  0.  0.  0.]][[ 0.  0.  0. ...,  0.  0.  0.]][[ 0.  0.  0. ...,  0.  0.  0.]][[ 0.  0.  0. ...,  0.  0.  0.]][[ 0.  0.  0. ...,  0.  0.  0.]][[ 0.  0.  0. ...,  0.  0.  0.]][[ 0.  0.  0. ...,  0.  0.  0.]][[ 0.11302397  0.          0.         ...,  0.          0.          0.        ]][[ 0.  0.  0. ...,  0.  0.  0.]][[ 0.          0.          0.07988941 ...,  0.          0.          0.        ]][[ 0.  0.  0. ...,  0.  0.  0.]][[ 0.19288618  0.          0.         ...,  0.          0.          0.        ]][[ 0.  0.  0. ...,  0.  0.  0.]][[ 0.  0.  0. ...,  0.  0.  0.]][[ 0.49338185  0.          0.         ...,  0.          0.          0.        ]][[ 0.          0.          0.08438238 ...,  0.          0.          0.        ]][[ 0.  0.  0. ...,  0.  0.  0.]][[ 0.  0.  0. ...,  0.  0.  0.]][[ 0.  0.  0. ...,  0.  0.  0.]][[ 0.  0.  0. ...,  0.  0.  0.]][[ 0.          0.          0.02165868 ...,  0.          0.          0.        ]][[ 0.20273175  0.          0.         ...,  0.          0.          0.        ]][[ 0.  0.  0. ...,  0.  0.  0.]][[  0.00000000e+00   0.00000000e+00   0.00000000e+00 ...,   1.00331495e-06
    0.00000000e+00   1.00331495e-06]][[ 0.  0.  0. ...,  0.  0.  0.]][[ 0.36900137  0.          0.         ...,  0.          0.          0.        ]][[  0.00000000e+00   0.00000000e+00   0.00000000e+00 ...,   3.50627620e-08
    0.00000000e+00   3.50627620e-08]][[ 0.  0.  0. ...,  0.  0.  0.]][[ 0.  0.  0. ...,  0.  0.  0.]][[ 0.  0.  0. ...,  0.  0.  0.]][[ 0.21243473  0.          0.         ...,  0.          0.          0.        ]][[ 0.  0.  0. ...,  0.  0.  0.]][[ 0.  0.  0. ...,  0.  0.  0.]][[ 0.  0.  0. ...,  0.  0.  0.]][[ 0.  0.  0. ...,  0.  0.  0.]][[  0.00000000e+00   0.00000000e+00   0.00000000e+00 ...,   1.75753102e-05
    0.00000000e+00   1.75753102e-05]][[ 0.  0.  0. ...,  0.  0.  0.]][[  0.00000000e+00   0.00000000e+00   0.00000000e+00 ...,   1.27954141e-05
    0.00000000e+00   1.27954141e-05]][[ 0.  0.  0. ...,  0.  0.  0.]][[ 0.  0.  0. ...,  0.  0.  0.]][[ 0.  0.  0. ...,  0.  0.  0.]][[ 0.  0.  0. ...,  0.  0.  0.]][[ 0.28631135  0.          0.         ...,  0.          0.          0.        ]][[ 0.  0.  0. ...,  0.  0.  0.]][[ 0.  0.  0. ...,  0.  0.  0.]][[ 0.  0.  0. ...,  0.  0.  0.]][[ 0.  0.  0. ...,  0.  0.  0.]][[ 0.  0.  0. ...,  0.  0.  0.]][[ 0.  0.  0. ...,  0.  0.  0.]][[ 0.  0.  0. ...,  0.  0.  0.]][[ 0.  0.  0. ...,  0.  0.  0.]][[ 0.  0.  0. ...,  0.  0.  0.]][[ 0.  0.  0. ...,  0.  0.  0.]][[ 0.  0.  0. ...,  0.  0.  0.]][[ 0.          0.          0.09184869 ...,  0.          0.          0.        ]][[ 0.  0.  0. ...,  0.  0.  0.]][[ 0.  0.  0. ...,  0.  0.  0.]][[  0.00000000e+00   0.00000000e+00   0.00000000e+00 ...,   6.56245488e-06
    0.00000000e+00   6.56245488e-06]][[ 0.  0.  0. ...,  0.  0.  0.]][[ 0.  0.  0. ...,  0.  0.  0.]][[ 0.  0.  0. ...,  0.  0.  0.]][[ 0.  0.  0. ...,  0.  0.  0.]][[ 0.  0.  0. ...,  0.  0.  0.]][[ 0.  0.  0. ...,  0.  0.  0.]][[ 0.  0.  0. ...,  0.  0.  0.]][[ 0.         0.2826071  0.        ...,  0.         0.         0.       ]][[ 0.  0.  0. ...,  0.  0.  0.]][[ 0.  0.  0. ...,  0.  0.  0.]][[  0.00000000e+00   0.00000000e+00   0.00000000e+00 ...,   2.28899998e-06
    0.00000000e+00   2.28899998e-06]][[ 0.  0.  0. ...,  0.  0.  0.]][[ 0.  0.  0. ...,  0.  0.  0.]][[ 0.  0.  0. ...,  0.  0.  0.]][[ 0.  0.  0. ...,  0.  0.  0.]][[ 0.  0.  0. ...,  0.  0.  0.]][[ 0.  0.  0. ...,  0.  0.  0.]][[ 0.  0.  0. ...,  0.  0.  0.]][[ 0.  0.  0. ...,  0.  0.  0.]][[ 0.  0.  0. ...,  0.  0.  0.]][[ 0.29766254  0.          0.         ...,  0.          0.          0.        ]][[  0.00000000e+00   0.00000000e+00   0.00000000e+00 ...,   6.21565849e-07
    0.00000000e+00   6.21565849e-07]][[ 0.20798431  0.          0.         ...,  0.          0.          0.        ]][[ 0.  0.  0. ...,  0.  0.  0.]][[ 0.  0.  0. ...,  0.  0.  0.]][[ 0.  0.  0. ...,  0.  0.  0.]][[ 0.  0.  0. ...,  0.  0.  0.]][[ 0.  0.  0. ...,  0.  0.  0.]][[ 0.  0.  0. ...,  0.  0.  0.]][[ 0.  0.  0. ...,  0.  0.  0.]][[ 0.  0.  0. ...,  0.  0.  0.]][[ 0.  0.  0. ...,  0.  0.  0.]][[ 0.  0.  0. ...,  0.  0.  0.]][[ 0.  0.  0. ...,  0.  0.  0.]][[ 0.  0.  0. ...,  0.  0.  0.]][[ 0.  0.  0. ...,  0.  0.  0.]][[ 0.  0.  0. ...,  0.  0.  0.]][[ 0.  0.  0. ...,  0.  0.  0.]][[ 0.  0.  0. ...,  0.  0.  0.]][[  0.00000000e+00   0.00000000e+00   0.00000000e+00 ...,   4.73390708e-06
    0.00000000e+00   4.73390708e-06]][[ 0.  0.  0. ...,  0.  0.  0.]][[ 0.  0.  0. ...,  0.  0.  0.]][[ 0.          0.21000479  0.         ...,  0.          0.          0.        ]][[ 0.  0.  0. ...,  0.  0.  0.]][[ 0.  0.  0. ...,  0.  0.  0.]][[ 0.  0.  0. ...,  0.  0.  0.]][[ 0.  0.  0. ...,  0.  0.  0.]][[ 0.  0.  0. ...,  0.  0.  0.]][[ 0.  0.  0. ...,  0.  0.  0.]][[ 0.  0.  0. ...,  0.  0.  0.]][[ 0.  0.  0. ...,  0.  0.  0.]][[ 0.  0.  0. ...,  0.  0.  0.]][[ 0.  0.  0. ...,  0.  0.  0.]][[ 0.         0.         0.0307289 ...,  0.         0.         0.       ]][[ 0.  0.  0. ...,  0.  0.  0.]][[ 0.  0.  0. ...,  0.  0.  0.]][[ 0.  0.  0. ...,  0.  0.  0.]][[  0.00000000e+00   0.00000000e+00   6.82672435e-02 ...,   1.80100352e-06
    0.00000000e+00   1.80100352e-06]][[ 0.  0.  0. ...,  0.  0.  0.]][[ 0.11373255  0.          0.         ...,  0.          0.          0.        ]][[ 0.  0.  0. ...,  0.  0.  0.]][[ 0.  0.  0. ...,  0.  0.  0.]][[ 0.  0.  0. ...,  0.  0.  0.]][[ 0.  0.  0. ...,  0.  0.  0.]][[ 0.20691653  0.          0.         ...,  0.          0.          0.        ]][[ 0.  0.  0. ...,  0.  0.  0.]][[ 0.02750142  0.          0.         ...,  0.          0.          0.        ]][[ 0.  0.  0. ...,  0.  0.  0.]][[ 0.  0.  0. ...,  0.  0.  0.]][[ 0.  0.  0. ...,  0.  0.  0.]][[ 0.  0.  0. ...,  0.  0.  0.]][[  0.00000000e+00   0.00000000e+00   0.00000000e+00 ...,   6.57656769e-07
    0.00000000e+00   6.57656769e-07]][[  0.00000000e+00   0.00000000e+00   0.00000000e+00 ...,   1.09452540e-06
    0.00000000e+00   1.09452540e-06]][[ 0.  0.  0. ...,  0.  0.  0.]][[ 0.  0.  0. ...,  0.  0.  0.]][[ 0.  0.  0. ...,  0.  0.  0.]][[ 0.  0.  0. ...,  0.  0.  0.]][[ 0.34395217  0.          0.         ...,  0.          0.          0.        ]][[ 0.  0.  0. ...,  0.  0.  0.]][[ 0.  0.  0. ...,  0.  0.  0.]][[ 0.  0.  0. ...,  0.  0.  0.]][[ 0.  0.  0. ...,  0.  0.  0.]][[  0.00000000e+00   0.00000000e+00   0.00000000e+00 ...,   5.66945490e-07
    0.00000000e+00   5.66945490e-07]][[ 0.  0.  0. ...,  0.  0.  0.]][[ 0.  0.  0. ...,  0.  0.  0.]][[ 0.          0.          0.05091249 ...,  0.          0.          0.        ]][[ 0.  0.  0. ...,  0.  0.  0.]][[ 0.  0.  0. ...,  0.  0.  0.]][[  0.00000000e+00   0.00000000e+00   0.00000000e+00 ...,   9.82050088e-07
    0.00000000e+00   9.82050088e-07]][[ 0.  0.  0. ...,  0.  0.  0.]][[ 0.  0.  0. ...,  0.  0.  0.]][[ 0.05696054  0.          0.02755033 ...,  0.          0.          0.        ]][[ 0.  0.  0. ...,  0.  0.  0.]][[ 0.  0.  0. ...,  0.  0.  0.]][[ 0.          0.31075949  0.         ...,  0.          0.          0.        ]][[ 0.  0.  0. ...,  0.  0.  0.]][[ 0.  0.  0. ...,  0.  0.  0.]][[ 0.  0.  0. ...,  0.  0.  0.]][[ 0.          0.30357749  0.         ...,  0.          0.          0.        ]][[ 0.  0.  0. ...,  0.  0.  0.]][[ 0.  0.  0. ...,  0.  0.  0.]][[ 0.38398075  0.          0.         ...,  0.          0.          0.        ]][[ 0.25687502  0.          0.         ...,  0.          0.          0.        ]][[ 0.  0.  0. ...,  0.  0.  0.]][[ 0.  0.  0. ...,  0.  0.  0.]][[ 0.  0.  0. ...,  0.  0.  0.]][[ 0.  0.  0. ...,  0.  0.  0.]][[ 0.  0.  0. ...,  0.  0.  0.]][[ 0.  0.  0. ...,  0.  0.  0.]][[ 0.          0.          0.04558486 ...,  0.          0.          0.        ]][[ 0.  0.  0. ...,  0.  0.  0.]][[ 0.  0.  0. ...,  0.  0.  0.]][[ 0.  0.  0. ...,  0.  0.  0.]][[ 0.  0.  0. ...,  0.  0.  0.]][[ 0.  0.  0. ...,  0.  0.  0.]][[ 0.  0.  0. ...,  0.  0.  0.]][[ 0.  0.  0. ...,  0.  0.  0.]][[ 0.  0.  0. ...,  0.  0.  0.]][[ 0.  0.  0. ...,  0.  0.  0.]][[ 0.  0.  0. ...,  0.  0.  0.]][[ 0.  0.  0. ...,  0.  0.  0.]][[ 0.  0.  0. ...,  0.  0.  0.]][[ 0.  0.  0. ...,  0.  0.  0.]][[ 0.          0.          0.01939028 ...,  0.          0.          0.        ]][[ 0.  0.  0. ...,  0.  0.  0.]][[ 0.          0.          0.01492703 ...,  0.          0.          0.        ]][[ 0.  0.  0. ...,  0.  0.  0.]][[ 0.  0.  0. ...,  0.  0.  0.]][[ 0.  0.  0. ...,  0.  0.  0.]][[ 0.  0.  0. ...,  0.  0.  0.]][[ 0.  0.  0. ...,  0.  0.  0.]][[ 0.  0.  0. ...,  0.  0.  0.]][[ 0.  0.  0. ...,  0.  0.  0.]][[ 0.  0.  0. ...,  0.  0.  0.]][[ 0.  0.  0. ...,  0.  0.  0.]][[ 0.  0.  0. ...,  0.  0.  0.]][[ 0.  0.  0. ...,  0.  0.  0.]][[ 0.14731826  0.          0.         ...,  0.          0.          0.        ]][[ 0.  0.  0. ...,  0.  0.  0.]][[ 0.  0.  0. ...,  0.  0.  0.]][[  0.00000000e+00   0.00000000e+00   0.00000000e+00 ...,   8.73743993e-07
    0.00000000e+00   8.73743993e-07]][[ 0.          0.          0.01465858 ...,  0.          0.          0.        ]][[ 0.  0.  0. ...,  0.  0.  0.]][[ 0.  0.  0. ...,  0.  0.  0.]][[ 0.  0.  0. ...,  0.  0.  0.]][[ 0.  0.  0. ...,  0.  0.  0.]][[ 0.          0.          0.00204283 ...,  0.          0.          0.        ]][[ 0.  0.  0. ...,  0.  0.  0.]][[ 0.  0.  0. ...,  0.  0.  0.]][[ 0.  0.  0. ...,  0.  0.  0.]][[ 0.  0.  0. ...,  0.  0.  0.]][[ 0.  0.  0. ...,  0.  0.  0.]][[ 0.  0.  0. ...,  0.  0.  0.]][[  0.00000000e+00   0.00000000e+00   0.00000000e+00 ...,   1.17079019e-06
    0.00000000e+00   1.17079019e-06]][[ 0.23648342  0.          0.         ...,  0.          0.          0.        ]][[ 0.  0.  0. ...,  0.  0.  0.]][[ 0.  0.  0. ...,  0.  0.  0.]][[ 0.  0.  0. ...,  0.  0.  0.]][[ 0.  0.  0. ...,  0.  0.  0.]][[ 0.  0.  0. ...,  0.  0.  0.]][[ 0.  0.  0. ...,  0.  0.  0.]][[ 0.  0.  0. ...,  0.  0.  0.]][[ 0.  0.  0. ...,  0.  0.  0.]][[ 0.  0.  0. ...,  0.  0.  0.]][[ 0.  0.  0. ...,  0.  0.  0.]][[  0.00000000e+00   0.00000000e+00   0.00000000e+00 ...,   2.72073307e-06
    0.00000000e+00   2.72073307e-06]][[ 0.  0.  0. ...,  0.  0.  0.]][[ 0.  0.  0. ...,  0.  0.  0.]][[ 0.  0.  0. ...,  0.  0.  0.]][[ 0.          0.          0.         ...,  0.          0.00985222  0.        ]][[ 0.06600792  0.          0.         ...,  0.          0.          0.        ]][[ 0.  0.  0. ...,  0.  0.  0.]][[ 0.  0.  0. ...,  0.  0.  0.]][[ 0.  0.  0. ...,  0.  0.  0.]][[ 0.          0.          0.00057833 ...,  0.          0.          0.        ]][[ 0.  0.  0. ...,  0.  0.  0.]][[ 0.  0.  0. ...,  0.  0.  0.]][[ 0.27309517  0.          0.         ...,  0.          0.          0.        ]][[ 0.  0.  0. ...,  0.  0.  0.]][[ 0.  0.  0. ...,  0.  0.  0.]][[ 0.  0.  0. ...,  0.  0.  0.]][[ 0.  0.  0. ...,  0.  0.  0.]][[ 0.  0.  0. ...,  0.  0.  0.]][[ 0.  0.  0. ...,  0.  0.  0.]][[ 0.  0.  0. ...,  0.  0.  0.]][[ 0.  0.  0. ...,  0.  0.  0.]][[ 0.  0.  0. ...,  0.  0.  0.]][[ 0.  0.  0. ...,  0.  0.  0.]][[ 0.  0.  0. ...,  0.  0.  0.]][[ 0.  0.  0. ...,  0.  0.  0.]][[ 0.          0.          0.         ...,  0.          0.00985222  0.        ]][[ 0.  0.  0. ...,  0.  0.  0.]][[ 0.  0.  0. ...,  0.  0.  0.]][[ 0.03014041  0.          0.         ...,  0.          0.          0.        ]][[ 0.  0.  0. ...,  0.  0.  0.]][[ 0.  0.  0. ...,  0.  0.  0.]][[ 0.  0.  0. ...,  0.  0.  0.]][[ 0.18928288  0.          0.         ...,  0.          0.          0.        ]][[  0.00000000e+00   0.00000000e+00   0.00000000e+00 ...,   1.99876077e-06
    0.00000000e+00   1.99876077e-06]][[ 0.  0.  0. ...,  0.  0.  0.]][[ 0.  0.  0. ...,  0.  0.  0.]][[ 0.  0.  0. ...,  0.  0.  0.]][[ 0.  0.  0. ...,  0.  0.  0.]][[ 0.  0.  0. ...,  0.  0.  0.]][[ 0.  0.  0. ...,  0.  0.  0.]][[ 0.  0.  0. ...,  0.  0.  0.]][[ 0.  0.  0. ...,  0.  0.  0.]][[ 0.22968146  0.          0.         ...,  0.          0.          0.        ]][[ 0.  0.  0. ...,  0.  0.  0.]][[ 0.  0.  0. ...,  0.  0.  0.]][[ 0.  0.  0. ...,  0.  0.  0.]][[ 0.  0.  0. ...,  0.  0.  0.]][[ 0.  0.  0. ...,  0.  0.  0.]][[ 0.24150261  0.          0.         ...,  0.          0.          0.        ]][[  0.00000000e+00   0.00000000e+00   0.00000000e+00 ...,   3.49337900e-07
    0.00000000e+00   3.49337900e-07]][[ 0.  0.  0. ...,  0.  0.  0.]][[ 0.22114864  0.          0.         ...,  0.          0.          0.        ]][[ 0.10852134  0.          0.         ...,  0.          0.          0.        ]][[ 0.  0.  0. ...,  0.  0.  0.]][[ 0.  0.  0. ...,  0.  0.  0.]][[ 0.0608174  0.         0.        ...,  0.         0.         0.       ]][[ 0.  0.  0. ...,  0.  0.  0.]][[  2.83104335e-01   0.00000000e+00   0.00000000e+00 ...,   1.37876645e-06
    0.00000000e+00   1.37876645e-06]][[ 0.  0.  0. ...,  0.  0.  0.]][[ 0.24665449  0.          0.         ...,  0.          0.          0.        ]][[ 0.  0.  0. ...,  0.  0.  0.]][[ 0.  0.  0. ...,  0.  0.  0.]][[ 0.  0.  0. ...,  0.  0.  0.]][[ 0.12372854  0.          0.         ...,  0.          0.          0.        ]][[ 0.  0.  0. ...,  0.  0.  0.]][[ 0.  0.  0. ...,  0.  0.  0.]][[ 0.  0.  0. ...,  0.  0.  0.]][[ 0.  0.  0. ...,  0.  0.  0.]][[ 0.  0.  0. ...,  0.  0.  0.]][[ 0.35095344  0.          0.         ...,  0.          0.          0.        ]][[ 0.  0.  0. ...,  0.  0.  0.]][[ 0.  0.  0. ...,  0.  0.  0.]][[ 0.  0.  0. ...,  0.  0.  0.]][[ 0.24672077  0.          0.         ...,  0.          0.          0.        ]][[ 0.  0.  0. ...,  0.  0.  0.]][[ 0.  0.  0. ...,  0.  0.  0.]][[ 0.  0.  0. ...,  0.  0.  0.]][[ 0.  0.  0. ...,  0.  0.  0.]][[ 0.  0.  0. ...,  0.  0.  0.]][[ 0.  0.  0. ...,  0.  0.  0.]][[ 0.  0.  0. ...,  0.  0.  0.]][[ 0.  0.  0. ...,  0.  0.  0.]][[ 0.36513812  0.          0.         ...,  0.          0.          0.        ]][[ 0.  0.  0. ...,  0.  0.  0.]][[ 0.  0.  0. ...,  0.  0.  0.]][[ 0.  0.  0. ...,  0.  0.  0.]][[ 0.16722497  0.          0.         ...,  0.          0.          0.        ]][[ 0.  0.  0. ...,  0.  0.  0.]][[  0.00000000e+00   0.00000000e+00   0.00000000e+00 ...,   2.79585297e-07
    0.00000000e+00   2.79585297e-07]][[ 0.  0.  0. ...,  0.  0.  0.]][[ 0.  0.  0. ...,  0.  0.  0.]][[  9.46001968e-02   0.00000000e+00   0.00000000e+00 ...,   2.35964813e-06
    0.00000000e+00   2.35964813e-06]][[ 0.  0.  0. ...,  0.  0.  0.]][[ 0.  0.  0. ...,  0.  0.  0.]][[ 0.  0.  0. ...,  0.  0.  0.]][[ 0.  0.  0. ...,  0.  0.  0.]][[ 0.  0.  0. ...,  0.  0.  0.]][[ 0.10660574  0.          0.         ...,  0.          0.          0.        ]][[  0.00000000e+00   0.00000000e+00   0.00000000e+00 ...,   5.88096918e-05
    0.00000000e+00   5.88096918e-05]][[ 0.  0.  0. ...,  0.  0.  0.]][[ 0.3269999  0.         0.        ...,  0.         0.         0.       ]][[ 0.  0.  0. ...,  0.  0.  0.]][[ 0.  0.  0. ...,  0.  0.  0.]][[ 0.  0.  0. ...,  0.  0.  0.]][[ 0.  0.  0. ...,  0.  0.  0.]][[ 0.  0.  0. ...,  0.  0.  0.]][[ 0.  0.  0. ...,  0.  0.  0.]][[ 0.  0.  0. ...,  0.  0.  0.]][[ 0.33123156  0.          0.         ...,  0.          0.          0.        ]][[ 0.  0.  0. ...,  0.  0.  0.]][[ 0.  0.  0. ...,  0.  0.  0.]][[ 0.  0.  0. ...,  0.  0.  0.]][[ 0.  0.  0. ...,  0.  0.  0.]][[ 0.  0.  0. ...,  0.  0.  0.]][[ 0.  0.  0. ...,  0.  0.  0.]][[ 0.47961753  0.          0.         ...,  0.          0.          0.        ]][[ 0.23110534  0.          0.         ...,  0.          0.          0.        ]][[ 0.  0.  0. ...,  0.  0.  0.]][[ 0.  0.  0. ...,  0.  0.  0.]][[ 0.  0.  0. ...,  0.  0.  0.]][[ 0.25216806  0.          0.         ...,  0.          0.          0.        ]][[  2.24306407e-01   0.00000000e+00   0.00000000e+00 ...,   4.08837430e-06
    0.00000000e+00   4.08837430e-06]][[ 0.10629758  0.          0.         ...,  0.          0.          0.        ]][[ 0.  0.  0. ...,  0.  0.  0.]][[ 0.28045072  0.          0.         ...,  0.          0.          0.        ]][[ 0.  0.  0. ...,  0.  0.  0.]][[  0.00000000e+00   0.00000000e+00   0.00000000e+00 ...,   7.51992781e-06
    0.00000000e+00   7.51992781e-06]][[  0.00000000e+00   0.00000000e+00   0.00000000e+00 ...,   4.24736663e-06
    0.00000000e+00   4.24736663e-06]][[ 0.14307726  0.          0.         ...,  0.          0.          0.        ]][[ 0.  0.  0. ...,  0.  0.  0.]][[ 0.  0.  0. ...,  0.  0.  0.]][[ 0.  0.  0. ...,  0.  0.  0.]][[ 0.  0.  0. ...,  0.  0.  0.]][[ 0.  0.  0. ...,  0.  0.  0.]][[ 0.  0.  0. ...,  0.  0.  0.]][[ 0.49209726  0.          0.         ...,  0.          0.          0.        ]][[ 0.31873537  0.          0.         ...,  0.          0.          0.        ]][[ 0.  0.  0. ...,  0.  0.  0.]][[ 0.  0.  0. ...,  0.  0.  0.]][[ 0.  0.  0. ...,  0.  0.  0.]][[ 0.  0.  0. ...,  0.  0.  0.]][[ 0.  0.  0. ...,  0.  0.  0.]][[ 0.  0.  0. ...,  0.  0.  0.]][[ 0.  0.  0. ...,  0.  0.  0.]][[ 0.  0.  0. ...,  0.  0.  0.]][[ 0.  0.  0. ...,  0.  0.  0.]][[  0.00000000e+00   0.00000000e+00   0.00000000e+00 ...,   9.59254697e-07
    0.00000000e+00   9.59254697e-07]][[  1.63509989e-01   0.00000000e+00   0.00000000e+00 ...,   6.43811363e-07
    0.00000000e+00   6.43811363e-07]][[  0.00000000e+00   0.00000000e+00   0.00000000e+00 ...,   2.22893876e-06
    0.00000000e+00   2.22893876e-06]][[ 0.  0.  0. ...,  0.  0.  0.]][[ 0.02671704  0.          0.         ...,  0.          0.          0.        ]][[  2.27456451e-01   0.00000000e+00   0.00000000e+00 ...,   2.79024085e-06
    0.00000000e+00   2.79024085e-06]][[ 0.          0.          0.05318333 ...,  0.          0.          0.        ]][[ 0.  0.  0. ...,  0.  0.  0.]][[ 0.  0.  0. ...,  0.  0.  0.]][[ 0.  0.  0. ...,  0.  0.  0.]][[ 0.  0.  0. ...,  0.  0.  0.]][[ 0.  0.  0. ...,  0.  0.  0.]][[ 0.  0.  0. ...,  0.  0.  0.]][[ 0.  0.  0. ...,  0.  0.  0.]][[ 0.  0.  0. ...,  0.  0.  0.]][[ 0.  0.  0. ...,  0.  0.  0.]][[ 0.  0.  0. ...,  0.  0.  0.]][[ 0.  0.  0. ...,  0.  0.  0.]][[ 0.  0.  0. ...,  0.  0.  0.]][[ 0.  0.  0. ...,  0.  0.  0.]][[ 0.  0.  0. ...,  0.  0.  0.]][[ 0.  0.  0. ...,  0.  0.  0.]][[ 0.  0.  0. ...,  0.  0.  0.]][[ 0.07685182  0.          0.         ...,  0.          0.          0.        ]][[ 0.  0.  0. ...,  0.  0.  0.]][[ 0.  0.  0. ...,  0.  0.  0.]][[ 0.  0.  0. ...,  0.  0.  0.]][[ 0.  0.  0. ...,  0.  0.  0.]][[ 0.  0.  0. ...,  0.  0.  0.]][[ 0.  0.  0. ...,  0.  0.  0.]][[ 0.  0.  0. ...,  0.  0.  0.]][[ 0.  0.  0. ...,  0.  0.  0.]][[ 0.  0.  0. ...,  0.  0.  0.]][[ 0.  0.  0. ...,  0.  0.  0.]][[ 0.  0.  0. ...,  0.  0.  0.]][[ 0.  0.  0. ...,  0.  0.  0.]][[ 0.  0.  0. ...,  0.  0.  0.]][[ 0.  0.  0. ...,  0.  0.  0.]][[ 0.  0.  0. ...,  0.  0.  0.]][[ 0.  0.  0. ...,  0.  0.  0.]][[ 0.  0.  0. ...,  0.  0.  0.]][[  0.00000000e+00   0.00000000e+00   0.00000000e+00 ...,   2.35782882e-06
    0.00000000e+00   2.35782882e-06]][[ 0.  0.  0. ...,  0.  0.  0.]][[ 0.  0.  0. ...,  0.  0.  0.]][[  0.00000000e+00   0.00000000e+00   0.00000000e+00 ...,   5.27259306e-07
    0.00000000e+00   5.27259306e-07]][[ 0.  0.  0. ...,  0.  0.  0.]][[ 0.  0.  0. ...,  0.  0.  0.]][[ 0.  0.  0. ...,  0.  0.  0.]][[ 0.  0.  0. ...,  0.  0.  0.]][[ 0.  0.  0. ...,  0.  0.  0.]][[ 0.  0.  0. ...,  0.  0.  0.]][[ 0.  0.  0. ...,  0.  0.  0.]][[ 0.  0.  0. ...,  0.  0.  0.]][[ 0.  0.  0. ...,  0.  0.  0.]][[ 0.  0.  0. ...,  0.  0.  0.]][[ 0.  0.  0. ...,  0.  0.  0.]][[ 0.1148747   0.          0.01931536 ...,  0.          0.          0.        ]][[ 0.  0.  0. ...,  0.  0.  0.]][[ 0.  0.  0. ...,  0.  0.  0.]][[ 0.  0.  0. ...,  0.  0.  0.]][[ 0.  0.  0. ...,  0.  0.  0.]][[ 0.  0.  0. ...,  0.  0.  0.]][[ 0.  0.  0. ...,  0.  0.  0.]][[ 0.  0.  0. ...,  0.  0.  0.]][[  0.00000000e+00   0.00000000e+00   0.00000000e+00 ...,   6.98835461e-07
    0.00000000e+00   6.98835461e-07]][[ 0.  0.  0. ...,  0.  0.  0.]][[ 0.  0.  0. ...,  0.  0.  0.]][[ 0.  0.  0. ...,  0.  0.  0.]][[ 0.  0.  0. ...,  0.  0.  0.]][[  0.00000000e+00   0.00000000e+00   0.00000000e+00 ...,   2.37062324e-06
    0.00000000e+00   2.37062324e-06]][[ 0.  0.  0. ...,  0.  0.  0.]][[ 0.  0.  0. ...,  0.  0.  0.]][[ 0.  0.  0. ...,  0.  0.  0.]][[ 0.  0.  0. ...,  0.  0.  0.]][[ 0.  0.  0. ...,  0.  0.  0.]][[ 0.  0.  0. ...,  0.  0.  0.]][[ 0.  0.  0. ...,  0.  0.  0.]][[ 0.  0.  0. ...,  0.  0.  0.]][[ 0.  0.  0. ...,  0.  0.  0.]][[ 0.  0.  0. ...,  0.  0.  0.]][[  0.00000000e+00   0.00000000e+00   0.00000000e+00 ...,   8.79270838e-07
    0.00000000e+00   8.79270838e-07]][[ 0.  0.  0. ...,  0.  0.  0.]][[ 0.  0.  0. ...,  0.  0.  0.]][[ 0.  0.  0. ...,  0.  0.  0.]][[ 0.  0.  0. ...,  0.  0.  0.]][[ 0.  0.  0. ...,  0.  0.  0.]][[ 0.  0.  0. ...,  0.  0.  0.]][[ 0.  0.  0. ...,  0.  0.  0.]][[ 0.  0.  0. ...,  0.  0.  0.]][[ 0.  0.  0. ...,  0.  0.  0.]][[ 0.  0.  0. ...,  0.  0.  0.]][[ 0.  0.  0. ...,  0.  0.  0.]][[ 0.  0.  0. ...,  0.  0.  0.]][[ 0.         0.         0.0318221 ...,  0.         0.         0.       ]][[ 0.  0.  0. ...,  0.  0.  0.]][[ 0.  0.  0. ...,  0.  0.  0.]][[ 0.          0.          0.07335461 ...,  0.          0.          0.        ]][[ 0.  0.  0. ...,  0.  0.  0.]][[ 0.  0.  0. ...,  0.  0.  0.]][[ 0.  0.  0. ...,  0.  0.  0.]][[ 0.         0.         0.0359853 ...,  0.         0.         0.       ]][[ 0.  0.  0. ...,  0.  0.  0.]][[ 0.  0.  0. ...,  0.  0.  0.]][[ 0.  0.  0. ...,  0.  0.  0.]][[  0.00000000e+00   0.00000000e+00   0.00000000e+00 ...,   2.32096537e-07
    0.00000000e+00   2.32096537e-07]][[ 0.  0.  0. ...,  0.  0.  0.]][[ 0.  0.  0. ...,  0.  0.  0.]][[ 0.  0.  0. ...,  0.  0.  0.]][[ 0.  0.  0. ...,  0.  0.  0.]][[ 0.  0.  0. ...,  0.  0.  0.]][[ 0.  0.  0. ...,  0.  0.  0.]][[ 0.  0.  0. ...,  0.  0.  0.]][[ 0.  0.  0. ...,  0.  0.  0.]][[ 0.  0.  0. ...,  0.  0.  0.]][[ 0.  0.  0. ...,  0.  0.  0.]][[ 0.  0.  0. ...,  0.  0.  0.]][[ 0.  0.  0. ...,  0.  0.  0.]][[ 0.  0.  0. ...,  0.  0.  0.]][[ 0.  0.  0. ...,  0.  0.  0.]][[ 0.  0.  0. ...,  0.  0.  0.]][[ 0.  0.  0. ...,  0.  0.  0.]][[ 0.        0.        0.000602 ...,  0.        0.        0.      ]][[ 0.  0.  0. ...,  0.  0.  0.]][[ 0.         0.         0.0189329 ...,  0.         0.         0.       ]][[ 0.  0.  0. ...,  0.  0.  0.]][[ 0.  0.  0. ...,  0.  0.  0.]][[ 0.  0.  0. ...,  0.  0.  0.]][[ 0.  0.  0. ...,  0.  0.  0.]][[ 0.  0.  0. ...,  0.  0.  0.]][[ 0.  0.  0. ...,  0.  0.  0.]][[ 0.  0.  0. ...,  0.  0.  0.]][[ 0.  0.  0. ...,  0.  0.  0.]][[ 0.  0.  0. ...,  0.  0.  0.]][[ 0.  0.  0. ...,  0.  0.  0.]][[ 0.  0.  0. ...,  0.  0.  0.]][[ 0.  0.  0. ...,  0.  0.  0.]][[ 0.  0.  0. ...,  0.  0.  0.]][[  0.00000000e+00   0.00000000e+00   0.00000000e+00 ...,   2.52318810e-06
    0.00000000e+00   2.52318810e-06]][[ 0.  0.  0. ...,  0.  0.  0.]][[ 0.  0.  0. ...,  0.  0.  0.]][[ 0.  0.  0. ...,  0.  0.  0.]][[ 0.  0.  0. ...,  0.  0.  0.]][[ 0.          0.          0.06417383 ...,  0.          0.          0.        ]][[ 0.  0.  0. ...,  0.  0.  0.]][[ 0.  0.  0. ...,  0.  0.  0.]][[  0.00000000e+00   0.00000000e+00   0.00000000e+00 ...,   1.98320621e-06
    0.00000000e+00   1.98320621e-06]][[ 0.  0.  0. ...,  0.  0.  0.]][[ 0.  0.  0. ...,  0.  0.  0.]][[ 0.  0.  0. ...,  0.  0.  0.]][[ 0.  0.  0. ...,  0.  0.  0.]][[  0.00000000e+00   0.00000000e+00   0.00000000e+00 ...,   1.96536245e-06
    0.00000000e+00   1.96536245e-06]][[ 0.  0.  0. ...,  0.  0.  0.]][[ 0.  0.  0. ...,  0.  0.  0.]][[ 0.  0.  0. ...,  0.  0.  0.]][[ 0.  0.  0. ...,  0.  0.  0.]][[ 0.          0.          0.         ...,  0.00054609  0.          0.00054609]][[ 0.  0.  0. ...,  0.  0.  0.]][[ 0.  0.  0. ...,  0.  0.  0.]][[ 0.  0.  0. ...,  0.  0.  0.]][[ 0.  0.  0. ...,  0.  0.  0.]][[ 0.  0.  0. ...,  0.  0.  0.]][[ 0.  0.  0. ...,  0.  0.  0.]][[ 0.  0.  0. ...,  0.  0.  0.]][[ 0.00084878  0.          0.         ...,  0.          0.          0.        ]][[ 0.  0.  0. ...,  0.  0.  0.]][[ 0.  0.  0. ...,  0.  0.  0.]][[ 0.  0.  0. ...,  0.  0.  0.]][[ 0.  0.  0. ...,  0.  0.  0.]][[ 0.  0.  0. ...,  0.  0.  0.]][[ 0.  0.  0. ...,  0.  0.  0.]][[ 0.  0.  0. ...,  0.  0.  0.]][[ 0.  0.  0. ...,  0.  0.  0.]][[ 0.  0.  0. ...,  0.  0.  0.]][[ 0.  0.  0. ...,  0.  0.  0.]][[ 0.  0.  0. ...,  0.  0.  0.]][[ 0.  0.  0. ...,  0.  0.  0.]][[ 0.  0.  0. ...,  0.  0.  0.]][[ 0.  0.  0. ...,  0.  0.  0.]][[ 0.  0.  0. ...,  0.  0.  0.]][[ 0.  0.  0. ...,  0.  0.  0.]][[  0.00000000e+00   0.00000000e+00   0.00000000e+00 ...,   4.91882533e-06
    0.00000000e+00   4.91882533e-06]][[ 0.  0.  0. ...,  0.  0.  0.]][[ 0.  0.  0. ...,  0.  0.  0.]][[ 0.  0.  0. ...,  0.  0.  0.]][[ 0.  0.  0. ...,  0.  0.  0.]][[ 0.  0.  0. ...,  0.  0.  0.]][[ 0.  0.  0. ...,  0.  0.  0.]][[ 0.  0.  0. ...,  0.  0.  0.]][[ 0.  0.  0. ...,  0.  0.  0.]][[ 0.  0.  0. ...,  0.  0.  0.]][[ 0.  0.  0. ...,  0.  0.  0.]][[ 0.  0.  0. ...,  0.  0.  0.]][[ 0.  0.  0. ...,  0.  0.  0.]][[ 0.  0.  0. ...,  0.  0.  0.]][[  0.00000000e+00   0.00000000e+00   0.00000000e+00 ...,   1.74748799e-06
    0.00000000e+00   1.74748799e-06]][[ 0.  0.  0. ...,  0.  0.  0.]][[ 0.  0.  0. ...,  0.  0.  0.]][[  0.00000000e+00   0.00000000e+00   0.00000000e+00 ...,   2.78515845e-06
    0.00000000e+00   2.78515845e-06]][[  0.00000000e+00   0.00000000e+00   0.00000000e+00 ...,   1.15837272e-06
    0.00000000e+00   1.15837272e-06]][[ 0.  0.  0. ...,  0.  0.  0.]][[ 0.  0.  0. ...,  0.  0.  0.]][[ 0.  0.  0. ...,  0.  0.  0.]][[  0.00000000e+00   0.00000000e+00   0.00000000e+00 ...,   7.18539468e-07
    0.00000000e+00   7.18539468e-07]][[ 0.  0.  0. ...,  0.  0.  0.]][[ 0.  0.  0. ...,  0.  0.  0.]][[ 0.  0.  0. ...,  0.  0.  0.]][[ 0.  0.  0. ...,  0.  0.  0.]][[ 0.  0.  0. ...,  0.  0.  0.]][[ 0.  0.  0. ...,  0.  0.  0.]][[ 0.  0.  0. ...,  0.  0.  0.]][[ 0.  0.  0. ...,  0.  0.  0.]][[ 0.  0.  0. ...,  0.  0.  0.]][[ 0.  0.  0. ...,  0.  0.  0.]][[ 0.  0.  0. ...,  0.  0.  0.]][[ 0.  0.  0. ...,  0.  0.  0.]][[ 0.  0.  0. ...,  0.  0.  0.]][[ 0.35427551  0.          0.         ...,  0.          0.          0.        ]][[ 0.  0.  0. ...,  0.  0.  0.]][[ 0.  0.  0. ...,  0.  0.  0.]][[ 0.02671704  0.          0.         ...,  0.          0.          0.        ]][[ 0.  0.  0. ...,  0.  0.  0.]][[ 0.  0.  0. ...,  0.  0.  0.]][[  0.00000000e+00   0.00000000e+00   0.00000000e+00 ...,   2.91803814e-06
    0.00000000e+00   2.91803814e-06]][[ 0.  0.  0. ...,  0.  0.  0.]][[ 0.  0.  0. ...,  0.  0.  0.]][[ 0.  0.  0. ...,  0.  0.  0.]][[ 0.  0.  0. ...,  0.  0.  0.]][[ 0.2521467  0.         0.        ...,  0.         0.         0.       ]][[ 0.  0.  0. ...,  0.  0.  0.]][[ 0.  0.  0. ...,  0.  0.  0.]][[ 0.  0.  0. ...,  0.  0.  0.]][[ 0.  0.  0. ...,  0.  0.  0.]][[ 0.  0.  0. ...,  0.  0.  0.]][[ 0.  0.  0. ...,  0.  0.  0.]][[ 0.  0.  0. ...,  0.  0.  0.]][[ 0.  0.  0. ...,  0.  0.  0.]][[ 0.  0.  0. ...,  0.  0.  0.]][[ 0.  0.  0. ...,  0.  0.  0.]][[ 0.  0.  0. ...,  0.  0.  0.]][[ 0.  0.  0. ...,  0.  0.  0.]][[ 0.  0.  0. ...,  0.  0.  0.]][[ 0.          0.          0.03247353 ...,  0.          0.          0.        ]][[ 0.  0.  0. ...,  0.  0.  0.]][[ 0.  0.  0. ...,  0.  0.  0.]][[ 0.  0.  0. ...,  0.  0.  0.]][[ 0.  0.  0. ...,  0.  0.  0.]][[ 0.  0.  0. ...,  0.  0.  0.]][[ 0.  0.  0. ...,  0.  0.  0.]][[ 0.  0.  0. ...,  0.  0.  0.]][[ 0.  0.  0. ...,  0.  0.  0.]][[ 0.  0.  0. ...,  0.  0.  0.]][[ 0.  0.  0. ...,  0.  0.  0.]][[ 0.  0.  0. ...,  0.  0.  0.]][[ 0.  0.  0. ...,  0.  0.  0.]][[ 0.  0.  0. ...,  0.  0.  0.]][[ 0.  0.  0. ...,  0.  0.  0.]][[ 0.  0.  0. ...,  0.  0.  0.]][[ 0.  0.  0. ...,  0.  0.  0.]][[ 0.  0.  0. ...,  0.  0.  0.]][[ 0.  0.  0. ...,  0.  0.  0.]][[ 0.  0.  0. ...,  0.  0.  0.]][[ 0.  0.  0. ...,  0.  0.  0.]][[ 0.  0.  0. ...,  0.  0.  0.]][[ 0.  0.  0. ...,  0.  0.  0.]][[ 0.  0.  0. ...,  0.  0.  0.]][[ 0.  0.  0. ...,  0.  0.  0.]][[ 0.  0.  0. ...,  0.  0.  0.]][[ 0.  0.  0. ...,  0.  0.  0.]][[ 0.  0.  0. ...,  0.  0.  0.]][[ 0.  0.  0. ...,  0.  0.  0.]][[ 0.  0.  0. ...,  0.  0.  0.]][[ 0.  0.  0. ...,  0.  0.  0.]][[ 0.  0.  0. ...,  0.  0.  0.]][[ 0.  0.  0. ...,  0.  0.  0.]][[ 0.  0.  0. ...,  0.  0.  0.]][[ 0.  0.  0. ...,  0.  0.  0.]][[ 0.  0.  0. ...,  0.  0.  0.]][[ 0.  0.  0. ...,  0.  0.  0.]][[ 0.  0.  0. ...,  0.  0.  0.]][[ 0.  0.  0. ...,  0.  0.  0.]][[ 0.  0.  0. ...,  0.  0.  0.]][[ 0.  0.  0. ...,  0.  0.  0.]][[ 0.  0.  0. ...,  0.  0.  0.]][[  0.00000000e+00   0.00000000e+00   0.00000000e+00 ...,   2.23436725e-06
    0.00000000e+00   2.23436725e-06]][[ 0.  0.  0. ...,  0.  0.  0.]][[ 0.  0.  0. ...,  0.  0.  0.]][[ 0.  0.  0. ...,  0.  0.  0.]][[ 0.  0.  0. ...,  0.  0.  0.]][[ 0.  0.  0. ...,  0.  0.  0.]][[ 0.  0.  0. ...,  0.  0.  0.]][[ 0.  0.  0. ...,  0.  0.  0.]][[ 0.  0.  0. ...,  0.  0.  0.]][[ 0.  0.  0. ...,  0.  0.  0.]][[ 0.  0.  0. ...,  0.  0.  0.]][[ 0.  0.  0. ...,  0.  0.  0.]][[ 0.  0.  0. ...,  0.  0.  0.]][[ 0.  0.  0. ...,  0.  0.  0.]][[ 0.  0.  0. ...,  0.  0.  0.]][[ 0.  0.  0. ...,  0.  0.  0.]][[ 0.  0.  0. ...,  0.  0.  0.]][[ 0.  0.  0. ...,  0.  0.  0.]][[ 0.  0.  0. ...,  0.  0.  0.]][[ 0.  0.  0. ...,  0.  0.  0.]][[ 0.  0.  0. ...,  0.  0.  0.]][[ 0.  0.  0. ...,  0.  0.  0.]][[ 0.  0.  0. ...,  0.  0.  0.]][[ 0.  0.  0. ...,  0.  0.  0.]][[ 0.  0.  0. ...,  0.  0.  0.]][[ 0.  0.  0. ...,  0.  0.  0.]][[ 0.  0.  0. ...,  0.  0.  0.]][[ 0.  0.  0. ...,  0.  0.  0.]][[ 0.  0.  0. ...,  0.  0.  0.]][[ 0.  0.  0. ...,  0.  0.  0.]][[ 0.  0.  0. ...,  0.  0.  0.]][[ 0.  0.  0. ...,  0.  0.  0.]][[ 0.  0.  0. ...,  0.  0.  0.]][[ 0.  0.  0. ...,  0.  0.  0.]][[ 0.  0.  0. ...,  0.  0.  0.]][[ 0.  0.  0. ...,  0.  0.  0.]][[ 0.  0.  0. ...,  0.  0.  0.]][[ 0.  0.  0. ...,  0.  0.  0.]][[ 0.  0.  0. ...,  0.  0.  0.]][[ 0.  0.  0. ...,  0.  0.  0.]][[ 0.  0.  0. ...,  0.  0.  0.]][[ 0.  0.  0. ...,  0.  0.  0.]][[ 0.  0.  0. ...,  0.  0.  0.]][[ 0.  0.  0. ...,  0.  0.  0.]][[ 0.  0.  0. ...,  0.  0.  0.]][[ 0.  0.  0. ...,  0.  0.  0.]][[ 0.  0.  0. ...,  0.  0.  0.]][[ 0.  0.  0. ...,  0.  0.  0.]][[ 0.  0.  0. ...,  0.  0.  0.]][[  0.00000000e+00   0.00000000e+00   0.00000000e+00 ...,   6.54840252e-07
    0.00000000e+00   6.54840252e-07]][[ 0.  0.  0. ...,  0.  0.  0.]][[ 0.  0.  0. ...,  0.  0.  0.]][[ 0.  0.  0. ...,  0.  0.  0.]][[ 0.  0.  0. ...,  0.  0.  0.]][[ 0.  0.  0. ...,  0.  0.  0.]][[ 0.  0.  0. ...,  0.  0.  0.]][[ 0.  0.  0. ...,  0.  0.  0.]][[ 0.  0.  0. ...,  0.  0.  0.]][[ 0.  0.  0. ...,  0.  0.  0.]][[ 0.  0.  0. ...,  0.  0.  0.]][[ 0.  0.  0. ...,  0.  0.  0.]][[ 0.  0.  0. ...,  0.  0.  0.]][[  0.00000000e+00   0.00000000e+00   0.00000000e+00 ...,   5.02151720e-07
    0.00000000e+00   5.02151720e-07]][[ 0.          0.          0.08964162 ...,  0.          0.          0.        ]][[ 0.46240715  0.          0.         ...,  0.          0.          0.        ]][[ 0.  0.  0. ...,  0.  0.  0.]][[ 0.  0.  0. ...,  0.  0.  0.]][[ 0.  0.  0. ...,  0.  0.  0.]][[ 0.  0.  0. ...,  0.  0.  0.]][[ 0.  0.  0. ...,  0.  0.  0.]][[ 0.  0.  0. ...,  0.  0.  0.]][[ 0.  0.  0. ...,  0.  0.  0.]][[ 0.  0.  0. ...,  0.  0.  0.]][[  0.00000000e+00   0.00000000e+00   0.00000000e+00 ...,   3.05810398e-05
    0.00000000e+00   3.05810398e-05]][[ 0.  0.  0. ...,  0.  0.  0.]][[ 0.  0.  0. ...,  0.  0.  0.]][[ 0.  0.  0. ...,  0.  0.  0.]][[ 0.  0.  0. ...,  0.  0.  0.]][[ 0.  0.  0. ...,  0.  0.  0.]][[ 0.  0.  0. ...,  0.  0.  0.]][[ 0.  0.  0. ...,  0.  0.  0.]][[ 0.  0.  0. ...,  0.  0.  0.]][[ 0.  0.  0. ...,  0.  0.  0.]][[ 0.  0.  0. ...,  0.  0.  0.]][[ 0.  0.  0. ...,  0.  0.  0.]][[ 0.  0.  0. ...,  0.  0.  0.]][[ 0.  0.  0. ...,  0.  0.  0.]][[ 0.  0.  0. ...,  0.  0.  0.]][[ 0.  0.  0. ...,  0.  0.  0.]][[ 0.  0.  0. ...,  0.  0.  0.]][[ 0.  0.  0. ...,  0.  0.  0.]][[ 0.  0.  0. ...,  0.  0.  0.]][[ 0.  0.  0. ...,  0.  0.  0.]][[ 0.  0.  0. ...,  0.  0.  0.]][[ 0.  0.  0. ...,  0.  0.  0.]][[ 0.  0.  0. ...,  0.  0.  0.]][[  0.00000000e+00   0.00000000e+00   0.00000000e+00 ...,   1.09062196e-06
    0.00000000e+00   1.09062196e-06]][[ 0.  0.  0. ...,  0.  0.  0.]][[ 0.  0.  0. ...,  0.  0.  0.]][[ 0.  0.  0. ...,  0.  0.  0.]][[ 0.  0.  0. ...,  0.  0.  0.]][[ 0.  0.  0. ...,  0.  0.  0.]][[ 0.  0.  0. ...,  0.  0.  0.]][[ 0.  0.  0. ...,  0.  0.  0.]][[ 0.  0.  0. ...,  0.  0.  0.]][[ 0.  0.  0. ...,  0.  0.  0.]][[ 0.  0.  0. ...,  0.  0.  0.]][[ 0.  0.  0. ...,  0.  0.  0.]][[ 0.  0.  0. ...,  0.  0.  0.]][[ 0.  0.  0. ...,  0.  0.  0.]][[ 0.  0.  0. ...,  0.  0.  0.]][[ 0.14945198  0.          0.         ...,  0.          0.          0.        ]][[ 0.  0.  0. ...,  0.  0.  0.]][[ 0.  0.  0. ...,  0.  0.  0.]][[ 0.  0.  0. ...,  0.  0.  0.]][[ 0.  0.  0. ...,  0.  0.  0.]][[ 0.  0.  0. ...,  0.  0.  0.]][[ 0.  0.  0. ...,  0.  0.  0.]][[ 0.  0.  0. ...,  0.  0.  0.]][[ 0.  0.  0. ...,  0.  0.  0.]][[ 0.  0.  0. ...,  0.  0.  0.]][[ 0.  0.  0. ...,  0.  0.  0.]][[ 0.40919945  0.          0.         ...,  0.          0.          0.        ]][[ 0.  0.  0. ...,  0.  0.  0.]][[ 0.  0.  0. ...,  0.  0.  0.]][[ 0.  0.  0. ...,  0.  0.  0.]][[ 0.  0.  0. ...,  0.  0.  0.]][[ 0.  0.  0. ...,  0.  0.  0.]][[ 0.  0.  0. ...,  0.  0.  0.]][[ 0.  0.  0. ...,  0.  0.  0.]][[  0.00000000e+00   0.00000000e+00   0.00000000e+00 ...,   8.93659841e-07
    0.00000000e+00   8.93659841e-07]][[ 0.  0.  0. ...,  0.  0.  0.]][[ 0.  0.  0. ...,  0.  0.  0.]][[ 0.  0.  0. ...,  0.  0.  0.]][[ 0.  0.  0. ...,  0.  0.  0.]][[ 0.  0.  0. ...,  0.  0.  0.]][[ 0.  0.  0. ...,  0.  0.  0.]][[ 0.  0.  0. ...,  0.  0.  0.]][[ 0.  0.  0. ...,  0.  0.  0.]][[ 0.  0.  0. ...,  0.  0.  0.]][[ 0.  0.  0. ...,  0.  0.  0.]][[ 0.  0.  0. ...,  0.  0.  0.]][[  0.00000000e+00   0.00000000e+00   0.00000000e+00 ...,   7.94312721e-06
    0.00000000e+00   7.94312721e-06]][[ 0.  0.  0. ...,  0.  0.  0.]][[ 0.  0.  0. ...,  0.  0.  0.]][[ 0.  0.  0. ...,  0.  0.  0.]][[ 0.  0.  0. ...,  0.  0.  0.]][[  0.00000000e+00   0.00000000e+00   0.00000000e+00 ...,   2.82895835e-07
    0.00000000e+00   2.82895835e-07]][[ 0.  0.  0. ...,  0.  0.  0.]][[ 0.277117  0.        0.       ...,  0.        0.        0.      ]][[ 0.  0.  0. ...,  0.  0.  0.]][[ 0.  0.  0. ...,  0.  0.  0.]][[ 0.  0.  0. ...,  0.  0.  0.]][[ 0.  0.  0. ...,  0.  0.  0.]][[ 0.  0.  0. ...,  0.  0.  0.]][[ 0.  0.  0. ...,  0.  0.  0.]][[ 0.  0.  0. ...,  0.  0.  0.]][[ 0.  0.  0. ...,  0.  0.  0.]][[ 0.  0.  0. ...,  0.  0.  0.]][[ 0.  0.  0. ...,  0.  0.  0.]][[  2.98306516e-01   0.00000000e+00   0.00000000e+00 ...,   9.67754423e-06
    0.00000000e+00   9.67754423e-06]][[  0.00000000e+00   0.00000000e+00   0.00000000e+00 ...,   2.38095918e-07
    0.00000000e+00   2.38095918e-07]][[ 0.  0.  0. ...,  0.  0.  0.]][[ 0.  0.  0. ...,  0.  0.  0.]][[ 0.  0.  0. ...,  0.  0.  0.]][[ 0.  0.  0. ...,  0.  0.  0.]][[ 0.  0.  0. ...,  0.  0.  0.]][[ 0.  0.  0. ...,  0.  0.  0.]][[ 0.  0.  0. ...,  0.  0.  0.]][[ 0.  0.  0. ...,  0.  0.  0.]][[ 0.  0.  0. ...,  0.  0.  0.]][[ 0.  0.  0. ...,  0.  0.  0.]][[ 0.  0.  0. ...,  0.  0.  0.]][[ 0.  0.  0. ...,  0.  0.  0.]][[ 0.  0.  0. ...,  0.  0.  0.]][[ 0.  0.  0. ...,  0.  0.  0.]][[ 0.  0.  0. ...,  0.  0.  0.]][[ 0.  0.  0. ...,  0.  0.  0.]][[ 0.  0.  0. ...,  0.  0.  0.]][[ 0.  0.  0. ...,  0.  0.  0.]][[ 0.  0.  0. ...,  0.  0.  0.]][[ 0.  0.  0. ...,  0.  0.  0.]][[ 0.  0.  0. ...,  0.  0.  0.]][[ 0.13765074  0.          0.         ...,  0.          0.          0.        ]][[  0.00000000e+00   0.00000000e+00   0.00000000e+00 ...,   9.49426878e-07
    0.00000000e+00   9.49426878e-07]][[ 0.  0.  0. ...,  0.  0.  0.]][[ 0.  0.  0. ...,  0.  0.  0.]][[ 0.  0.  0. ...,  0.  0.  0.]][[ 0.  0.  0. ...,  0.  0.  0.]][[ 0.  0.  0. ...,  0.  0.  0.]][[ 0.  0.  0. ...,  0.  0.  0.]][[ 0.  0.  0. ...,  0.  0.  0.]][[ 0.          0.          0.         ...,  0.          0.00985222  0.        ]][[ 0.  0.  0. ...,  0.  0.  0.]][[ 0.  0.  0. ...,  0.  0.  0.]][[ 0.  0.  0. ...,  0.  0.  0.]][[ 0.  0.  0. ...,  0.  0.  0.]][[ 0.  0.  0. ...,  0.  0.  0.]][[ 0.  0.  0. ...,  0.  0.  0.]][[ 0.  0.  0. ...,  0.  0.  0.]][[ 0.  0.  0. ...,  0.  0.  0.]][[ 0.  0.  0. ...,  0.  0.  0.]][[ 0.  0.  0. ...,  0.  0.  0.]][[ 0.  0.  0. ...,  0.  0.  0.]][[ 0.  0.  0. ...,  0.  0.  0.]][[ 0.  0.  0. ...,  0.  0.  0.]][[ 0.  0.  0. ...,  0.  0.  0.]][[ 0.  0.  0. ...,  0.  0.  0.]][[ 0.  0.  0. ...,  0.  0.  0.]][[ 0.  0.  0. ...,  0.  0.  0.]][[ 0.  0.  0. ...,  0.  0.  0.]][[ 0.  0.  0. ...,  0.  0.  0.]][[ 0.  0.  0. ...,  0.  0.  0.]][[  0.00000000e+00   0.00000000e+00   0.00000000e+00 ...,   1.67475574e-06
    0.00000000e+00   1.67475574e-06]][[ 0.  0.  0. ...,  0.  0.  0.]][[ 0.  0.  0. ...,  0.  0.  0.]][[ 0.  0.  0. ...,  0.  0.  0.]][[ 0.  0.  0. ...,  0.  0.  0.]][[ 0.  0.  0. ...,  0.  0.  0.]][[ 0.  0.  0. ...,  0.  0.  0.]][[ 0.  0.  0. ...,  0.  0.  0.]][[ 0.  0.  0. ...,  0.  0.  0.]][[ 0.  0.  0. ...,  0.  0.  0.]][[ 0.  0.  0. ...,  0.  0.  0.]][[ 0.  0.  0. ...,  0.  0.  0.]][[ 0.  0.  0. ...,  0.  0.  0.]][[ 0.  0.  0. ...,  0.  0.  0.]][[ 0.  0.  0. ...,  0.  0.  0.]][[ 0.  0.  0. ...,  0.  0.  0.]][[ 0.  0.  0. ...,  0.  0.  0.]][[  0.00000000e+00   0.00000000e+00   0.00000000e+00 ...,   2.10323520e-06
    0.00000000e+00   2.10323520e-06]][[ 0.  0.  0. ...,  0.  0.  0.]][[ 0.  0.  0. ...,  0.  0.  0.]][[ 0.  0.  0. ...,  0.  0.  0.]][[  0.00000000e+00   0.00000000e+00   0.00000000e+00 ...,   2.23872912e-06
    0.00000000e+00   2.23872912e-06]][[ 0.  0.  0. ...,  0.  0.  0.]][[ 0.  0.  0. ...,  0.  0.  0.]][[ 0.  0.  0. ...,  0.  0.  0.]][[ 0.  0.  0. ...,  0.  0.  0.]][[ 0.  0.  0. ...,  0.  0.  0.]][[ 0.  0.  0. ...,  0.  0.  0.]][[ 0.  0.  0. ...,  0.  0.  0.]][[ 0.  0.  0. ...,  0.  0.  0.]][[ 0.  0.  0. ...,  0.  0.  0.]][[ 0.  0.  0. ...,  0.  0.  0.]][[ 0.  0.  0. ...,  0.  0.  0.]][[ 0.  0.  0. ...,  0.  0.  0.]][[ 0.  0.  0. ...,  0.  0.  0.]][[ 0.  0.  0. ...,  0.  0.  0.]][[ 0.  0.  0. ...,  0.  0.  0.]][[ 0.  0.  0. ...,  0.  0.  0.]][[ 0.  0.  0. ...,  0.  0.  0.]][[ 0.  0.  0. ...,  0.  0.  0.]][[  0.00000000e+00   0.00000000e+00   0.00000000e+00 ...,   2.15359435e-06
    0.00000000e+00   2.15359435e-06]][[ 0.  0.  0. ...,  0.  0.  0.]][[ 0.  0.  0. ...,  0.  0.  0.]][[ 0.  0.  0. ...,  0.  0.  0.]][[  0.00000000e+00   0.00000000e+00   0.00000000e+00 ...,   1.07755602e-06
    0.00000000e+00   1.07755602e-06]][[ 0.  0.  0. ...,  0.  0.  0.]][[ 0.  0.  0. ...,  0.  0.  0.]][[ 0.  0.  0. ...,  0.  0.  0.]][[ 0.  0.  0. ...,  0.  0.  0.]][[ 0.  0.  0. ...,  0.  0.  0.]][[ 0.  0.  0. ...,  0.  0.  0.]][[ 0.  0.  0. ...,  0.  0.  0.]][[ 0.  0.  0. ...,  0.  0.  0.]][[ 0.  0.  0. ...,  0.  0.  0.]][[ 0.  0.  0. ...,  0.  0.  0.]][[  0.00000000e+00   0.00000000e+00   0.00000000e+00 ...,   1.73165571e-06
    0.00000000e+00   1.73165571e-06]][[ 0.          0.          0.05548414 ...,  0.          0.          0.        ]][[ 0.  0.  0. ...,  0.  0.  0.]][[ 0.  0.  0. ...,  0.  0.  0.]][[ 0.  0.  0. ...,  0.  0.  0.]][[ 0.  0.  0. ...,  0.  0.  0.]][[ 0.  0.  0. ...,  0.  0.  0.]][[ 0.  0.  0. ...,  0.  0.  0.]][[ 0.  0.  0. ...,  0.  0.  0.]][[ 0.  0.  0. ...,  0.  0.  0.]][[ 0.  0.  0. ...,  0.  0.  0.]][[ 0.  0.  0. ...,  0.  0.  0.]][[ 0.17570225  0.          0.         ...,  0.          0.          0.        ]][[ 0.  0.  0. ...,  0.  0.  0.]][[ 0.  0.  0. ...,  0.  0.  0.]][[ 0.  0.  0. ...,  0.  0.  0.]][[ 0.19138953  0.          0.         ...,  0.          0.          0.        ]][[ 0.16922494  0.          0.         ...,  0.          0.          0.        ]][[ 0.21627392  0.          0.         ...,  0.          0.          0.        ]][[ 0.  0.  0. ...,  0.  0.  0.]][[ 0.  0.  0. ...,  0.  0.  0.]][[ 0.  0.  0. ...,  0.  0.  0.]][[ 0.  0.  0. ...,  0.  0.  0.]][[ 0.  0.  0. ...,  0.  0.  0.]][[ 0.  0.  0. ...,  0.  0.  0.]][[ 0.  0.  0. ...,  0.  0.  0.]][[ 0.  0.  0. ...,  0.  0.  0.]][[  0.00000000e+00   0.00000000e+00   0.00000000e+00 ...,   8.83845080e-06
    0.00000000e+00   8.83845080e-06]][[ 0.  0.  0. ...,  0.  0.  0.]][[ 0.  0.  0. ...,  0.  0.  0.]][[ 0.  0.  0. ...,  0.  0.  0.]][[ 0.  0.  0. ...,  0.  0.  0.]][[ 0.02671704  0.          0.         ...,  0.          0.          0.        ]][[ 0.  0.  0. ...,  0.  0.  0.]][[ 0.  0.  0. ...,  0.  0.  0.]][[ 0.  0.  0. ...,  0.  0.  0.]][[ 0.21645137  0.          0.         ...,  0.          0.          0.        ]][[ 0.  0.  0. ...,  0.  0.  0.]][[ 0.15357085  0.          0.         ...,  0.          0.          0.        ]][[ 0.  0.  0. ...,  0.  0.  0.]][[ 0.  0.  0. ...,  0.  0.  0.]][[  0.00000000e+00   0.00000000e+00   0.00000000e+00 ...,   1.43438273e-06
    0.00000000e+00   1.43438273e-06]][[ 0.  0.  0. ...,  0.  0.  0.]][[ 0.  0.  0. ...,  0.  0.  0.]][[ 0.          0.          0.         ...,  0.          0.00985222  0.        ]][[ 0.  0.  0. ...,  0.  0.  0.]][[ 0.  0.  0. ...,  0.  0.  0.]][[ 0.  0.  0. ...,  0.  0.  0.]][[ 0.  0.  0. ...,  0.  0.  0.]][[ 0.  0.  0. ...,  0.  0.  0.]][[ 0.  0.  0. ...,  0.  0.  0.]][[ 0.  0.  0. ...,  0.  0.  0.]][[  0.00000000e+00   0.00000000e+00   0.00000000e+00 ...,   1.17079019e-06
    0.00000000e+00   1.17079019e-06]][[ 0.  0.  0. ...,  0.  0.  0.]][[ 0.  0.  0. ...,  0.  0.  0.]][[ 0.  0.  0. ...,  0.  0.  0.]][[  0.00000000e+00   0.00000000e+00   0.00000000e+00 ...,   2.32732418e-06
    0.00000000e+00   2.32732418e-06]][[ 0.  0.  0. ...,  0.  0.  0.]][[ 0.  0.  0. ...,  0.  0.  0.]][[ 0.  0.  0. ...,  0.  0.  0.]][[ 0.  0.  0. ...,  0.  0.  0.]][[ 0.  0.  0. ...,  0.  0.  0.]][[ 0.  0.  0. ...,  0.  0.  0.]][[ 0.          0.          0.02246585 ...,  0.          0.          0.        ]][[ 0.  0.  0. ...,  0.  0.  0.]][[ 0.  0.  0. ...,  0.  0.  0.]][[ 0.  0.  0. ...,  0.  0.  0.]][[ 0.  0.  0. ...,  0.  0.  0.]][[ 0.  0.  0. ...,  0.  0.  0.]][[ 0.          0.          0.05336036 ...,  0.          0.          0.        ]][[ 0.  0.  0. ...,  0.  0.  0.]][[ 0.  0.  0. ...,  0.  0.  0.]][[ 0.  0.  0. ...,  0.  0.  0.]][[ 0.  0.  0. ...,  0.  0.  0.]][[ 0.  0.  0. ...,  0.  0.  0.]][[ 0.  0.  0. ...,  0.  0.  0.]][[ 0.  0.  0. ...,  0.  0.  0.]][[ 0.  0.  0. ...,  0.  0.  0.]][[  0.00000000e+00   0.00000000e+00   0.00000000e+00 ...,   1.98578180e-05
    0.00000000e+00   1.98578180e-05]][[ 0.  0.  0. ...,  0.  0.  0.]][[ 0.  0.  0. ...,  0.  0.  0.]][[ 0.  0.  0. ...,  0.  0.  0.]][[ 0.  0.  0. ...,  0.  0.  0.]][[ 0.  0.  0. ...,  0.  0.  0.]][[ 0.  0.  0. ...,  0.  0.  0.]][[ 0.  0.  0. ...,  0.  0.  0.]][[ 0.  0.  0. ...,  0.  0.  0.]][[ 0.  0.  0. ...,  0.  0.  0.]][[ 0.  0.  0. ...,  0.  0.  0.]][[ 0.  0.  0. ...,  0.  0.  0.]][[ 0.  0.  0. ...,  0.  0.  0.]][[ 0.  0.  0. ...,  0.  0.  0.]][[ 0.  0.  0. ...,  0.  0.  0.]][[ 0.  0.  0. ...,  0.  0.  0.]][[ 0.  0.  0. ...,  0.  0.  0.]][[ 0.  0.  0. ...,  0.  0.  0.]][[ 0.  0.  0. ...,  0.  0.  0.]][[  0.00000000e+00   0.00000000e+00   0.00000000e+00 ...,   7.33944954e-06
    0.00000000e+00   7.33944954e-06]][[ 0.  0.  0. ...,  0.  0.  0.]][[ 0.  0.  0. ...,  0.  0.  0.]][[ 0.  0.  0. ...,  0.  0.  0.]][[ 0.  0.  0. ...,  0.  0.  0.]][[ 0.  0.  0. ...,  0.  0.  0.]][[ 0.  0.  0. ...,  0.  0.  0.]][[ 0.  0.  0. ...,  0.  0.  0.]][[ 0.  0.  0. ...,  0.  0.  0.]][[ 0.  0.  0. ...,  0.  0.  0.]][[ 0.  0.  0. ...,  0.  0.  0.]][[ 0.  0.  0. ...,  0.  0.  0.]][[ 0.  0.  0. ...,  0.  0.  0.]][[ 0.  0.  0. ...,  0.  0.  0.]][[ 0.  0.  0. ...,  0.  0.  0.]][[ 0.  0.  0. ...,  0.  0.  0.]][[ 0.          0.          0.         ...,  0.          0.00044313  0.        ]][[ 0.          0.          0.         ...,  0.          0.00985222  0.        ]][[ 0.  0.  0. ...,  0.  0.  0.]][[ 0.  0.  0. ...,  0.  0.  0.]][[ 0.  0.  0. ...,  0.  0.  0.]][[ 0.  0.  0. ...,  0.  0.  0.]][[ 0.  0.  0. ...,  0.  0.  0.]][[ 0.  0.  0. ...,  0.  0.  0.]][[ 0.  0.  0. ...,  0.  0.  0.]][[ 0.  0.  0. ...,  0.  0.  0.]][[ 0.  0.  0. ...,  0.  0.  0.]][[ 0.  0.  0. ...,  0.  0.  0.]][[ 0.  0.  0. ...,  0.  0.  0.]][[ 0.  0.  0. ...,  0.  0.  0.]][[ 0.  0.  0. ...,  0.  0.  0.]][[ 0.  0.  0. ...,  0.  0.  0.]][[ 0.  0.  0. ...,  0.  0.  0.]][[  0.00000000e+00   0.00000000e+00   0.00000000e+00 ...,   1.45623999e-05
    0.00000000e+00   1.45623999e-05]][[ 0.  0.  0. ...,  0.  0.  0.]][[ 0.  0.  0. ...,  0.  0.  0.]][[ 0.  0.  0. ...,  0.  0.  0.]][[  0.00000000e+00   0.00000000e+00   0.00000000e+00 ...,   4.17773767e-06
    0.00000000e+00   4.17773767e-06]][[ 0.  0.  0. ...,  0.  0.  0.]][[ 0.  0.  0. ...,  0.  0.  0.]][[ 0.  0.  0. ...,  0.  0.  0.]][[ 0.  0.  0. ...,  0.  0.  0.]][[ 0.  0.  0. ...,  0.  0.  0.]][[ 0.  0.  0. ...,  0.  0.  0.]][[ 0.  0.  0. ...,  0.  0.  0.]][[ 0.  0.  0. ...,  0.  0.  0.]][[ 0.  0.  0. ...,  0.  0.  0.]][[ 0.  0.  0. ...,  0.  0.  0.]][[  0.00000000e+00   0.00000000e+00   0.00000000e+00 ...,   2.36329519e-06
    0.00000000e+00   2.36329519e-06]][[  0.00000000e+00   0.00000000e+00   0.00000000e+00 ...,   1.81382205e-06
    0.00000000e+00   1.81382205e-06]][[ 0.  0.  0. ...,  0.  0.  0.]][[  0.00000000e+00   0.00000000e+00   0.00000000e+00 ...,   1.12430293e-05
    0.00000000e+00   1.12430293e-05]][[ 0.  0.  0. ...,  0.  0.  0.]][[ 0.  0.  0. ...,  0.  0.  0.]][[ 0.  0.  0. ...,  0.  0.  0.]][[ 0.  0.  0. ...,  0.  0.  0.]][[ 0.  0.  0. ...,  0.  0.  0.]][[ 0.  0.  0. ...,  0.  0.  0.]][[ 0.  0.  0. ...,  0.  0.  0.]][[ 0.  0.  0. ...,  0.  0.  0.]][[ 0.  0.  0. ...,  0.  0.  0.]][[ 0.  0.  0. ...,  0.  0.  0.]][[ 0.  0.  0. ...,  0.  0.  0.]][[ 0.  0.  0. ...,  0.  0.  0.]][[  0.00000000e+00   0.00000000e+00   0.00000000e+00 ...,   3.32402606e-05
    0.00000000e+00   3.32402606e-05]][[ 0.  0.  0. ...,  0.  0.  0.]][[ 0.  0.  0. ...,  0.  0.  0.]][[ 0.  0.  0. ...,  0.  0.  0.]][[ 0.          0.29859087  0.         ...,  0.          0.          0.        ]][[ 0.          0.23530925  0.         ...,  0.          0.          0.        ]][[ 0.          0.29446188  0.         ...,  0.          0.          0.        ]][[ 0.  0.  0. ...,  0.  0.  0.]][[ 0.  0.  0. ...,  0.  0.  0.]][[ 0.06578943  0.          0.         ...,  0.          0.          0.        ]][[ 0.  0.  0. ...,  0.  0.  0.]][[ 0.  0.  0. ...,  0.  0.  0.]][[ 0.  0.  0. ...,  0.  0.  0.]][[ 0.  0.  0. ...,  0.  0.  0.]][[ 0.  0.  0. ...,  0.  0.  0.]][[ 0.00643659  0.          0.         ...,  0.          0.          0.        ]][[ 0.  0.  0. ...,  0.  0.  0.]][[ 0.38320501  0.          0.         ...,  0.          0.          0.        ]][[  0.00000000e+00   0.00000000e+00   0.00000000e+00 ...,   3.71129123e-06
    0.00000000e+00   3.71129123e-06]][[ 0.  0.  0. ...,  0.  0.  0.]][[ 0.00988157  0.          0.         ...,  0.          0.          0.        ]][[ 0.  0.  0. ...,  0.  0.  0.]][[ 0.  0.  0. ...,  0.  0.  0.]][[ 0.3122466  0.         0.        ...,  0.         0.         0.       ]][[ 0.31605269  0.          0.         ...,  0.          0.          0.        ]][[ 0.          0.          0.06217111 ...,  0.          0.          0.        ]][[ 0.  0.  0. ...,  0.  0.  0.]][[ 0.  0.  0. ...,  0.  0.  0.]][[ 0.  0.  0. ...,  0.  0.  0.]][[ 0.  0.  0. ...,  0.  0.  0.]][[ 0.  0.  0. ...,  0.  0.  0.]][[ 0.  0.  0. ...,  0.  0.  0.]][[ 0.  0.  0. ...,  0.  0.  0.]][[ 0.  0.  0. ...,  0.  0.  0.]][[ 0.  0.  0. ...,  0.  0.  0.]][[ 0.  0.  0. ...,  0.  0.  0.]][[ 0.  0.  0. ...,  0.  0.  0.]][[ 0.          0.          0.         ...,  0.          0.00985222  0.        ]][[  0.00000000e+00   0.00000000e+00   0.00000000e+00 ...,   3.64059997e-06
    0.00000000e+00   3.64059997e-06]][[ 0.  0.  0. ...,  0.  0.  0.]][[ 0.02671704  0.          0.         ...,  0.          0.          0.        ]][[ 0.  0.  0. ...,  0.  0.  0.]][[ 0.  0.  0. ...,  0.  0.  0.]][[ 0.  0.  0. ...,  0.  0.  0.]][[ 0.  0.  0. ...,  0.  0.  0.]][[ 0.  0.  0. ...,  0.  0.  0.]][[ 0.  0.  0. ...,  0.  0.  0.]][[ 0.  0.  0. ...,  0.  0.  0.]][[ 0.  0.  0. ...,  0.  0.  0.]][[ 0.  0.  0. ...,  0.  0.  0.]][[ 0.  0.  0. ...,  0.  0.  0.]][[ 0.  0.  0. ...,  0.  0.  0.]][[ 0.  0.  0. ...,  0.  0.  0.]][[  0.00000000e+00   0.00000000e+00   0.00000000e+00 ...,   2.78009452e-05
    0.00000000e+00   2.78009452e-05]][[ 0.  0.  0. ...,  0.  0.  0.]][[ 0.26992426  0.          0.         ...,  0.          0.          0.        ]][[ 0.42978192  0.          0.         ...,  0.          0.          0.        ]][[ 0.  0.  0. ...,  0.  0.  0.]][[ 0.33269283  0.          0.         ...,  0.          0.          0.        ]][[ 0.  0.  0. ...,  0.  0.  0.]][[ 0.  0.  0. ...,  0.  0.  0.]][[ 0.  0.  0. ...,  0.  0.  0.]][[ 0.  0.  0. ...,  0.  0.  0.]][[ 0.  0.  0. ...,  0.  0.  0.]][[ 0.  0.  0. ...,  0.  0.  0.]][[ 0.  0.  0. ...,  0.  0.  0.]][[ 0.  0.  0. ...,  0.  0.  0.]][[  0.00000000e+00   0.00000000e+00   0.00000000e+00 ...,   4.41922540e-06
    0.00000000e+00   4.41922540e-06]][[ 0.  0.  0. ...,  0.  0.  0.]][[ 0.  0.  0. ...,  0.  0.  0.]][[ 0.  0.  0. ...,  0.  0.  0.]][[ 0.  0.  0. ...,  0.  0.  0.]][[ 0.  0.  0. ...,  0.  0.  0.]][[ 0.  0.  0. ...,  0.  0.  0.]][[ 0.  0.  0. ...,  0.  0.  0.]][[ 0.  0.  0. ...,  0.  0.  0.]][[ 0.  0.  0. ...,  0.  0.  0.]][[  0.00000000e+00   0.00000000e+00   0.00000000e+00 ...,   1.51842303e-06
    0.00000000e+00   1.51842303e-06]][[ 0.  0.  0. ...,  0.  0.  0.]][[ 0.  0.  0. ...,  0.  0.  0.]][[ 0.  0.  0. ...,  0.  0.  0.]][[ 0.  0.  0. ...,  0.  0.  0.]][[ 0.  0.  0. ...,  0.  0.  0.]][[  0.00000000e+00   0.00000000e+00   0.00000000e+00 ...,   8.70978980e-05
    0.00000000e+00   8.70978980e-05]][[ 0.  0.  0. ...,  0.  0.  0.]][[  0.00000000e+00   0.00000000e+00   0.00000000e+00 ...,   3.25330210e-05
    0.00000000e+00   3.25330210e-05]][[ 0.  0.  0. ...,  0.  0.  0.]][[ 0.  0.  0. ...,  0.  0.  0.]][[ 0.  0.  0. ...,  0.  0.  0.]][[ 0.  0.  0. ...,  0.  0.  0.]][[ 0.  0.  0. ...,  0.  0.  0.]][[ 0.  0.  0. ...,  0.  0.  0.]][[ 0.  0.  0. ...,  0.  0.  0.]][[  0.00000000e+00   0.00000000e+00   0.00000000e+00 ...,   9.49721732e-06
    0.00000000e+00   9.49721732e-06]][[ 0.  0.  0. ...,  0.  0.  0.]][[ 0.  0.  0. ...,  0.  0.  0.]][[ 0.  0.  0. ...,  0.  0.  0.]][[ 0.  0.  0. ...,  0.  0.  0.]][[ 0.  0.  0. ...,  0.  0.  0.]][[ 0.  0.  0. ...,  0.  0.  0.]][[ 0.  0.  0. ...,  0.  0.  0.]][[ 0.  0.  0. ...,  0.  0.  0.]][[ 0.  0.  0. ...,  0.  0.  0.]][[ 0.  0.  0. ...,  0.  0.  0.]][[ 0.  0.  0. ...,  0.  0.  0.]][[ 0.  0.  0. ...,  0.  0.  0.]][[ 0.  0.  0. ...,  0.  0.  0.]][[ 0.  0.  0. ...,  0.  0.  0.]][[ 0.  0.  0. ...,  0.  0.  0.]][[ 0.  0.  0. ...,  0.  0.  0.]][[ 0.  0.  0. ...,  0.  0.  0.]][[ 0.14544387  0.          0.         ...,  0.          0.          0.        ]][[ 0.  0.  0. ...,  0.  0.  0.]][[ 0.  0.  0. ...,  0.  0.  0.]][[ 0.  0.  0. ...,  0.  0.  0.]][[ 0.  0.  0. ...,  0.  0.  0.]][[ 0.  0.  0. ...,  0.  0.  0.]][[ 0.  0.  0. ...,  0.  0.  0.]][[ 0.  0.  0. ...,  0.  0.  0.]][[ 0.  0.  0. ...,  0.  0.  0.]][[ 0.  0.  0. ...,  0.  0.  0.]][[ 0.  0.  0. ...,  0.  0.  0.]][[ 0.  0.  0. ...,  0.  0.  0.]][[ 0.  0.  0. ...,  0.  0.  0.]][[ 0.  0.  0. ...,  0.  0.  0.]][[ 0.  0.  0. ...,  0.  0.  0.]][[ 0.24981201  0.          0.         ...,  0.          0.          0.        ]][[ 0.  0.  0. ...,  0.  0.  0.]][[ 0.  0.  0. ...,  0.  0.  0.]][[ 0.  0.  0. ...,  0.  0.  0.]][[ 0.  0.  0. ...,  0.  0.  0.]][[ 0.  0.  0. ...,  0.  0.  0.]][[ 0.  0.  0. ...,  0.  0.  0.]][[ 0.  0.  0. ...,  0.  0.  0.]][[ 0.  0.  0. ...,  0.  0.  0.]][[ 0.  0.  0. ...,  0.  0.  0.]][[ 0.  0.  0. ...,  0.  0.  0.]][[ 0.  0.  0. ...,  0.  0.  0.]][[ 0.  0.  0. ...,  0.  0.  0.]][[ 0.  0.  0. ...,  0.  0.  0.]][[ 0.  0.  0. ...,  0.  0.  0.]][[ 0.  0.  0. ...,  0.  0.  0.]][[  0.00000000e+00   0.00000000e+00   0.00000000e+00 ...,   6.69462341e-07
    0.00000000e+00   6.69462341e-07]][[ 0.26935289  0.          0.         ...,  0.          0.          0.        ]][[ 0.12281734  0.          0.         ...,  0.          0.          0.        ]][[ 0.  0.  0. ...,  0.  0.  0.]][[ 0.  0.  0. ...,  0.  0.  0.]][[ 0.14303327  0.          0.         ...,  0.          0.          0.        ]][[ 0.  0.  0. ...,  0.  0.  0.]][[ 0.  0.  0. ...,  0.  0.  0.]][[ 0.  0.  0. ...,  0.  0.  0.]][[ 0.          0.          0.         ...,  0.00012742  0.          0.00012742]][[ 0.  0.  0. ...,  0.  0.  0.]][[ 0.  0.  0. ...,  0.  0.  0.]][[ 0.  0.  0. ...,  0.  0.  0.]][[ 0.  0.  0. ...,  0.  0.  0.]][[ 0.  0.  0. ...,  0.  0.  0.]][[ 0.  0.  0. ...,  0.  0.  0.]][[ 0.  0.  0. ...,  0.  0.  0.]][[ 0.  0.  0. ...,  0.  0.  0.]][[ 0.  0.  0. ...,  0.  0.  0.]][[ 0.  0.  0. ...,  0.  0.  0.]][[ 0.  0.  0. ...,  0.  0.  0.]][[ 0.          0.          0.         ...,  0.          0.00810625  0.        ]][[ 0.  0.  0. ...,  0.  0.  0.]][[ 0.  0.  0. ...,  0.  0.  0.]][[ 0.  0.  0. ...,  0.  0.  0.]][[ 0.  0.  0. ...,  0.  0.  0.]][[ 0.49310335  0.          0.         ...,  0.          0.          0.        ]][[  0.00000000e+00   0.00000000e+00   0.00000000e+00 ...,   4.77828746e-06
    0.00000000e+00   4.77828746e-06]][[ 0.  0.  0. ...,  0.  0.  0.]][[ 0.  0.  0. ...,  0.  0.  0.]][[ 0.  0.  0. ...,  0.  0.  0.]][[  0.00000000e+00   0.00000000e+00   0.00000000e+00 ...,   8.59017971e-06
    0.00000000e+00   8.59017971e-06]][[ 0.  0.  0. ...,  0.  0.  0.]][[ 0.  0.  0. ...,  0.  0.  0.]][[ 0.  0.  0. ...,  0.  0.  0.]][[ 0.  0.  0. ...,  0.  0.  0.]][[ 0.  0.  0. ...,  0.  0.  0.]][[ 0.  0.  0. ...,  0.  0.  0.]][[ 0.  0.  0. ...,  0.  0.  0.]][[ 0.  0.  0. ...,  0.  0.  0.]][[  0.00000000e+00   0.00000000e+00   0.00000000e+00 ...,   1.49467447e-06
    0.00000000e+00   1.49467447e-06]][[ 0.  0.  0. ...,  0.  0.  0.]][[ 0.  0.  0. ...,  0.  0.  0.]][[ 0.  0.  0. ...,  0.  0.  0.]][[  0.00000000e+00   0.00000000e+00   0.00000000e+00 ...,   3.71580070e-06
    0.00000000e+00   3.71580070e-06]][[ 0.  0.  0. ...,  0.  0.  0.]][[ 0.  0.  0. ...,  0.  0.  0.]][[ 0.  0.  0. ...,  0.  0.  0.]][[ 0.  0.  0. ...,  0.  0.  0.]][[ 0.  0.  0. ...,  0.  0.  0.]][[ 0.          0.          0.08398631 ...,  0.          0.          0.        ]][[ 0.  0.  0. ...,  0.  0.  0.]][[ 0.  0.  0. ...,  0.  0.  0.]][[ 0.  0.  0. ...,  0.  0.  0.]][[ 0.  0.  0. ...,  0.  0.  0.]][[  0.00000000e+00   0.00000000e+00   0.00000000e+00 ...,   8.49473327e-05
    0.00000000e+00   8.49473327e-05]][[ 0.  0.  0. ...,  0.  0.  0.]][[ 0.  0.  0. ...,  0.  0.  0.]][[ 0.  0.  0. ...,  0.  0.  0.]][[ 0.  0.  0. ...,  0.  0.  0.]][[ 0.  0.  0. ...,  0.  0.  0.]][[ 0.  0.  0. ...,  0.  0.  0.]][[ 0.  0.  0. ...,  0.  0.  0.]][[ 0.  0.  0. ...,  0.  0.  0.]][[ 0.  0.  0. ...,  0.  0.  0.]][[ 0.  0.  0. ...,  0.  0.  0.]][[ 0.  0.  0. ...,  0.  0.  0.]][[ 0.  0.  0. ...,  0.  0.  0.]][[ 0.  0.  0. ...,  0.  0.  0.]][[ 0.  0.  0. ...,  0.  0.  0.]][[ 0.  0.  0. ...,  0.  0.  0.]][[ 0.  0.  0. ...,  0.  0.  0.]][[ 0.  0.  0. ...,  0.  0.  0.]][[ 0.  0.  0. ...,  0.  0.  0.]][[ 0.  0.  0. ...,  0.  0.  0.]][[ 0.  0.  0. ...,  0.  0.  0.]][[ 0.  0.  0. ...,  0.  0.  0.]][[ 0.  0.  0. ...,  0.  0.  0.]][[ 0.  0.  0. ...,  0.  0.  0.]][[ 0.  0.  0. ...,  0.  0.  0.]][[ 0.  0.  0. ...,  0.  0.  0.]][[ 0.  0.  0. ...,  0.  0.  0.]][[ 0.  0.  0. ...,  0.  0.  0.]][[ 0.08614183  0.          0.         ...,  0.          0.          0.        ]][[ 0.  0.  0. ...,  0.  0.  0.]][[ 0.  0.  0. ...,  0.  0.  0.]][[ 0.  0.  0. ...,  0.  0.  0.]][[ 0.  0.  0. ...,  0.  0.  0.]][[ 0.  0.  0. ...,  0.  0.  0.]][[ 0.15677955  0.          0.         ...,  0.          0.          0.        ]][[ 0.  0.  0. ...,  0.  0.  0.]][[ 0.  0.  0. ...,  0.  0.  0.]][[ 0.  0.  0. ...,  0.  0.  0.]][[  0.00000000e+00   0.00000000e+00   0.00000000e+00 ...,   5.01328521e-05
    0.00000000e+00   5.01328521e-05]][[ 0.  0.  0. ...,  0.  0.  0.]][[ 0.  0.  0. ...,  0.  0.  0.]][[ 0.  0.  0. ...,  0.  0.  0.]][[ 0.  0.  0. ...,  0.  0.  0.]][[ 0.  0.  0. ...,  0.  0.  0.]][[ 0.  0.  0. ...,  0.  0.  0.]][[ 0.  0.  0. ...,  0.  0.  0.]][[ 0.  0.  0. ...,  0.  0.  0.]][[ 0.  0.  0. ...,  0.  0.  0.]][[ 0.  0.  0. ...,  0.  0.  0.]][[ 0.  0.  0. ...,  0.  0.  0.]][[ 0.  0.  0. ...,  0.  0.  0.]][[  0.00000000e+00   0.00000000e+00   0.00000000e+00 ...,   1.05524637e-06
    0.00000000e+00   1.05524637e-06]][[  0.00000000e+00   0.00000000e+00   0.00000000e+00 ...,   1.63011939e-06
    0.00000000e+00   1.63011939e-06]][[ 0.  0.  0. ...,  0.  0.  0.]][[ 0.  0.  0. ...,  0.  0.  0.]][[ 0.  0.  0. ...,  0.  0.  0.]][[ 0.  0.  0. ...,  0.  0.  0.]][[ 0.  0.  0. ...,  0.  0.  0.]][[ 0.  0.  0. ...,  0.  0.  0.]][[ 0.  0.  0. ...,  0.  0.  0.]][[ 0.  0.  0. ...,  0.  0.  0.]][[  0.00000000e+00   0.00000000e+00   0.00000000e+00 ...,   1.58450983e-05
    0.00000000e+00   1.58450983e-05]][[ 0.  0.  0. ...,  0.  0.  0.]][[ 0.  0.  0. ...,  0.  0.  0.]][[ 0.  0.  0. ...,  0.  0.  0.]][[ 0.  0.  0. ...,  0.  0.  0.]][[ 0.  0.  0. ...,  0.  0.  0.]][[ 0.  0.  0. ...,  0.  0.  0.]][[ 0.  0.  0. ...,  0.  0.  0.]][[ 0.  0.  0. ...,  0.  0.  0.]][[ 0.  0.  0. ...,  0.  0.  0.]][[ 0.  0.  0. ...,  0.  0.  0.]][[ 0.  0.  0. ...,  0.  0.  0.]][[ 0.  0.  0. ...,  0.  0.  0.]][[ 0.  0.  0. ...,  0.  0.  0.]][[ 0.  0.  0. ...,  0.  0.  0.]][[ 0.  0.  0. ...,  0.  0.  0.]][[ 0.  0.  0. ...,  0.  0.  0.]][[ 0.  0.  0. ...,  0.  0.  0.]][[  0.00000000e+00   0.00000000e+00   0.00000000e+00 ...,   2.03873598e-05
    0.00000000e+00   2.03873598e-05]][[ 0.  0.  0. ...,  0.  0.  0.]][[  0.00000000e+00   0.00000000e+00   0.00000000e+00 ...,   2.04692368e-06
    0.00000000e+00   2.04692368e-06]][[ 0.  0.  0. ...,  0.  0.  0.]][[ 0.  0.  0. ...,  0.  0.  0.]][[ 0.  0.  0. ...,  0.  0.  0.]][[ 0.  0.  0. ...,  0.  0.  0.]][[ 0.  0.  0. ...,  0.  0.  0.]][[ 0.  0.  0. ...,  0.  0.  0.]][[ 0.  0.  0. ...,  0.  0.  0.]][[ 0.  0.  0. ...,  0.  0.  0.]][[ 0.  0.  0. ...,  0.  0.  0.]][[ 0.  0.  0. ...,  0.  0.  0.]][[  4.07407110e-01   0.00000000e+00   0.00000000e+00 ...,   1.91131498e-05
    0.00000000e+00   1.91131498e-05]][[  0.00000000e+00   0.00000000e+00   0.00000000e+00 ...,   1.43707894e-06
    0.00000000e+00   1.43707894e-06]][[ 0.  0.  0. ...,  0.  0.  0.]][[ 0.          0.          0.         ...,  0.00016989  0.          0.00016989]][[ 0.  0.  0. ...,  0.  0.  0.]][[ 0.  0.  0. ...,  0.  0.  0.]][[ 0.          0.26013214  0.         ...,  0.          0.          0.        ]][[ 0.  0.  0. ...,  0.  0.  0.]][[ 0.  0.  0. ...,  0.  0.  0.]][[ 0.  0.  0. ...,  0.  0.  0.]][[ 0.13216089  0.07185681  0.         ...,  0.          0.          0.        ]][[ 0.  0.  0. ...,  0.  0.  0.]][[ 0.17510203  0.04746404  0.         ...,  0.          0.          0.        ]][[ 0.28736272  0.          0.         ...,  0.          0.          0.        ]][[ 0.  0.  0. ...,  0.  0.  0.]][[ 0.  0.  0. ...,  0.  0.  0.]][[ 0.  0.  0. ...,  0.  0.  0.]][[  0.00000000e+00   0.00000000e+00   0.00000000e+00 ...,   8.78765510e-06
    0.00000000e+00   8.78765510e-06]][[ 0.  0.  0. ...,  0.  0.  0.]][[ 0.  0.  0. ...,  0.  0.  0.]][[ 0.  0.  0. ...,  0.  0.  0.]][[ 0.  0.  0. ...,  0.  0.  0.]][[  0.00000000e+00   0.00000000e+00   0.00000000e+00 ...,   3.21905682e-06
    0.00000000e+00   3.21905682e-06]][[ 0.  0.  0. ...,  0.  0.  0.]][[ 0.  0.  0. ...,  0.  0.  0.]][[ 0.  0.  0. ...,  0.  0.  0.]][[ 0.  0.  0. ...,  0.  0.  0.]][[ 0.  0.  0. ...,  0.  0.  0.]][[  0.00000000e+00   0.00000000e+00   0.00000000e+00 ...,   7.17864783e-07
    0.00000000e+00   7.17864783e-07]][[ 0.  0.  0. ...,  0.  0.  0.]][[ 0.  0.  0. ...,  0.  0.  0.]][[ 0.  0.  0. ...,  0.  0.  0.]][[ 0.  0.  0. ...,  0.  0.  0.]][[ 0.  0.  0. ...,  0.  0.  0.]][[ 0.  0.  0. ...,  0.  0.  0.]][[ 0.  0.  0. ...,  0.  0.  0.]][[ 0.  0.  0. ...,  0.  0.  0.]][[ 0.  0.  0. ...,  0.  0.  0.]][[ 0.  0.  0. ...,  0.  0.  0.]][[ 0.  0.  0. ...,  0.  0.  0.]][[ 0.  0.  0. ...,  0.  0.  0.]][[ 0.  0.  0. ...,  0.  0.  0.]][[ 0.  0.  0. ...,  0.  0.  0.]][[ 0.  0.  0. ...,  0.  0.  0.]][[ 0.  0.  0. ...,  0.  0.  0.]][[ 0.  0.  0. ...,  0.  0.  0.]][[  0.00000000e+00   0.00000000e+00   0.00000000e+00 ...,   4.57799996e-06
    0.00000000e+00   4.57799996e-06]][[ 0.  0.  0. ...,  0.  0.  0.]][[ 0.  0.  0. ...,  0.  0.  0.]][[ 0.  0.  0. ...,  0.  0.  0.]][[ 0.  0.  0. ...,  0.  0.  0.]][[ 0.  0.  0. ...,  0.  0.  0.]][[ 0.  0.  0. ...,  0.  0.  0.]][[  0.00000000e+00   0.00000000e+00   0.00000000e+00 ...,   2.38914373e-05
    0.00000000e+00   2.38914373e-05]][[  0.00000000e+00   0.00000000e+00   0.00000000e+00 ...,   8.40138455e-06
    0.00000000e+00   8.40138455e-06]][[ 0.  0.  0. ...,  0.  0.  0.]][[ 0.  0.  0. ...,  0.  0.  0.]][[ 0.  0.  0. ...,  0.  0.  0.]][[ 0.  0.  0. ...,  0.  0.  0.]][[ 0.  0.  0. ...,  0.  0.  0.]][[ 0.  0.  0. ...,  0.  0.  0.]][[ 0.  0.  0. ...,  0.  0.  0.]][[ 0.  0.  0. ...,  0.  0.  0.]][[ 0.  0.  0. ...,  0.  0.  0.]][[ 0.  0.  0. ...,  0.  0.  0.]][[ 0.  0.  0. ...,  0.  0.  0.]][[ 0.  0.  0. ...,  0.  0.  0.]][[ 0.02671704  0.          0.         ...,  0.          0.          0.        ]][[ 0.  0.  0. ...,  0.  0.  0.]][[ 0.  0.  0. ...,  0.  0.  0.]][[ 0.  0.  0. ...,  0.  0.  0.]][[ 0.  0.  0. ...,  0.  0.  0.]][[ 0.  0.  0. ...,  0.  0.  0.]][[ 0.  0.  0. ...,  0.  0.  0.]][[ 0.  0.  0. ...,  0.  0.  0.]][[ 0.4138977  0.         0.        ...,  0.         0.         0.       ]][[ 0.  0.  0. ...,  0.  0.  0.]][[ 0.  0.  0. ...,  0.  0.  0.]][[ 0.  0.  0. ...,  0.  0.  0.]][[  0.00000000e+00   0.00000000e+00   0.00000000e+00 ...,   7.60722382e-06
    0.00000000e+00   7.60722382e-06]][[ 0.  0.  0. ...,  0.  0.  0.]][[ 0.  0.  0. ...,  0.  0.  0.]][[ 0.  0.  0. ...,  0.  0.  0.]][[ 0.  0.  0. ...,  0.  0.  0.]][[ 0.02671704  0.          0.         ...,  0.          0.          0.        ]][[ 0.02671704  0.          0.         ...,  0.          0.          0.        ]][[ 0.  0.  0. ...,  0.  0.  0.]][[ 0.  0.  0. ...,  0.  0.  0.]][[ 0.  0.  0. ...,  0.  0.  0.]][[ 0.  0.  0. ...,  0.  0.  0.]][[ 0.  0.  0. ...,  0.  0.  0.]][[ 0.          0.          0.         ...,  0.          0.00985222  0.        ]][[ 0.  0.  0. ...,  0.  0.  0.]][[ 0.  0.  0. ...,  0.  0.  0.]][[ 0.  0.  0. ...,  0.  0.  0.]][[ 0.  0.  0. ...,  0.  0.  0.]][[ 0.  0.  0. ...,  0.  0.  0.]][[ 0.  0.  0. ...,  0.  0.  0.]][[ 0.  0.  0. ...,  0.  0.  0.]][[ 0.          0.          0.         ...,  0.00020987  0.          0.00020987]][[ 0.  0.  0. ...,  0.  0.  0.]][[ 0.  0.  0. ...,  0.  0.  0.]][[ 0.  0.  0. ...,  0.  0.  0.]][[ 0.  0.  0. ...,  0.  0.  0.]][[ 0.  0.  0. ...,  0.  0.  0.]][[ 0.  0.  0. ...,  0.  0.  0.]][[ 0.  0.  0. ...,  0.  0.  0.]][[ 0.  0.  0. ...,  0.  0.  0.]][[ 0.  0.  0. ...,  0.  0.  0.]][[  0.00000000e+00   0.00000000e+00   0.00000000e+00 ...,   9.49721732e-06
    0.00000000e+00   9.49721732e-06]][[ 0.  0.  0. ...,  0.  0.  0.]][[  0.00000000e+00   0.00000000e+00   0.00000000e+00 ...,   7.24669189e-06
    0.00000000e+00   7.24669189e-06]][[ 0.  0.  0. ...,  0.  0.  0.]][[ 0.02671704  0.          0.         ...,  0.          0.          0.        ]][[ 0.07356155  0.          0.         ...,  0.          0.          0.        ]][[ 0.24369204  0.          0.         ...,  0.          0.          0.        ]][[ 0.  0.  0. ...,  0.  0.  0.]][[ 0.25416083  0.          0.         ...,  0.          0.          0.        ]][[ 0.22047152  0.          0.         ...,  0.          0.          0.        ]][[ 0.20893889  0.          0.         ...,  0.          0.          0.        ]][[ 0.17734827  0.          0.         ...,  0.          0.          0.        ]][[ 0.  0.  0. ...,  0.  0.  0.]][[ 0.08193471  0.          0.         ...,  0.          0.          0.        ]][[ 0.  0.  0. ...,  0.  0.  0.]][[ 0.37825487  0.          0.         ...,  0.          0.          0.        ]][[  0.00000000e+00   0.00000000e+00   0.00000000e+00 ...,   3.56422375e-06
    0.00000000e+00   3.56422375e-06]][[ 0.  0.  0. ...,  0.  0.  0.]][[ 0.  0.  0. ...,  0.  0.  0.]][[ 0.  0.  0. ...,  0.  0.  0.]][[ 0.  0.  0. ...,  0.  0.  0.]][[ 0.          0.22094286  0.         ...,  0.          0.          0.        ]][[ 0.  0.  0. ...,  0.  0.  0.]][[ 0.  0.  0. ...,  0.  0.  0.]][[ 0.  0.  0. ...,  0.  0.  0.]][[ 0.  0.  0. ...,  0.  0.  0.]][[ 0.  0.  0. ...,  0.  0.  0.]][[ 0.  0.  0. ...,  0.  0.  0.]][[ 0.24630838  0.          0.         ...,  0.          0.          0.        ]][[ 0.  0.  0. ...,  0.  0.  0.]][[ 0.  0.  0. ...,  0.  0.  0.]][[ 0.  0.  0. ...,  0.  0.  0.]][[ 0.  0.  0. ...,  0.  0.  0.]][[ 0.  0.  0. ...,  0.  0.  0.]][[  0.00000000e+00   0.00000000e+00   0.00000000e+00 ...,   1.21594591e-05
    0.00000000e+00   1.21594591e-05]][[ 0.          0.          0.         ...,  0.          0.00985222  0.        ]][[ 0.34133228  0.          0.         ...,  0.          0.          0.        ]][[ 0.  0.  0. ...,  0.  0.  0.]][[ 0.  0.  0. ...,  0.  0.  0.]][[  0.00000000e+00   0.00000000e+00   0.00000000e+00 ...,   1.40926450e-06
    0.00000000e+00   1.40926450e-06]][[ 0.  0.  0. ...,  0.  0.  0.]][[ 0.  0.  0. ...,  0.  0.  0.]][[ 0.          0.          0.         ...,  0.          0.00985222  0.        ]][[ 0.         0.         0.        ...,  0.0001973  0.         0.0001973]][[ 0.  0.  0. ...,  0.  0.  0.]][[ 0.11291992  0.          0.         ...,  0.          0.          0.        ]][[ 0.  0.  0. ...,  0.  0.  0.]][[ 0.  0.  0. ...,  0.  0.  0.]][[ 0.  0.  0. ...,  0.  0.  0.]][[ 0.  0.  0. ...,  0.  0.  0.]][[ 0.  0.  0. ...,  0.  0.  0.]][[ 0.  0.  0. ...,  0.  0.  0.]][[ 0.  0.  0. ...,  0.  0.  0.]][[ 0.  0.  0. ...,  0.  0.  0.]][[ 0.  0.  0. ...,  0.  0.  0.]][[  0.00000000e+00   0.00000000e+00   0.00000000e+00 ...,   6.90316925e-06
    0.00000000e+00   6.90316925e-06]][[ 0.  0.  0. ...,  0.  0.  0.]][[ 0.  0.  0. ...,  0.  0.  0.]][[ 0.  0.  0. ...,  0.  0.  0.]][[ 0.  0.  0. ...,  0.  0.  0.]][[ 0.  0.  0. ...,  0.  0.  0.]][[ 0.  0.  0. ...,  0.  0.  0.]][[ 0.24437554  0.          0.         ...,  0.          0.          0.        ]][[ 0.  0.  0. ...,  0.  0.  0.]][[ 0.41286389  0.          0.         ...,  0.          0.          0.        ]][[ 0.  0.  0. ...,  0.  0.  0.]][[ 0.  0.  0. ...,  0.  0.  0.]][[ 0.  0.  0. ...,  0.  0.  0.]][[ 0.  0.  0. ...,  0.  0.  0.]][[ 0.  0.  0. ...,  0.  0.  0.]][[ 0.  0.  0. ...,  0.  0.  0.]][[ 0.  0.  0. ...,  0.  0.  0.]][[ 0.  0.  0. ...,  0.  0.  0.]][[ 0.  0.  0. ...,  0.  0.  0.]][[ 0.  0.  0. ...,  0.  0.  0.]][[ 0.  0.  0. ...,  0.  0.  0.]][[ 0.  0.  0. ...,  0.  0.  0.]][[ 0.  0.  0. ...,  0.  0.  0.]][[ 0.  0.  0. ...,  0.  0.  0.]][[ 0.  0.  0. ...,  0.  0.  0.]][[ 0.  0.  0. ...,  0.  0.  0.]][[ 0.  0.  0. ...,  0.  0.  0.]][[ 0.  0.  0. ...,  0.  0.  0.]][[ 0.  0.  0. ...,  0.  0.  0.]][[ 0.  0.  0. ...,  0.  0.  0.]][[ 0.  0.  0. ...,  0.  0.  0.]][[ 0.  0.  0. ...,  0.  0.  0.]][[ 0.  0.  0. ...,  0.  0.  0.]][[ 0.  0.  0. ...,  0.  0.  0.]][[ 0.  0.  0. ...,  0.  0.  0.]][[ 0.  0.  0. ...,  0.  0.  0.]][[  0.00000000e+00   0.00000000e+00   0.00000000e+00 ...,   2.35238767e-05
    0.00000000e+00   2.35238767e-05]][[ 0.  0.  0. ...,  0.  0.  0.]][[ 0.  0.  0. ...,  0.  0.  0.]][[ 0.  0.  0. ...,  0.  0.  0.]][[ 0.  0.  0. ...,  0.  0.  0.]][[ 0.  0.  0. ...,  0.  0.  0.]][[ 0.  0.  0. ...,  0.  0.  0.]][[ 0.  0.  0. ...,  0.  0.  0.]][[ 0.  0.  0. ...,  0.  0.  0.]][[ 0.  0.  0. ...,  0.  0.  0.]][[ 0.  0.  0. ...,  0.  0.  0.]][[ 0.  0.  0. ...,  0.  0.  0.]][[ 0.  0.  0. ...,  0.  0.  0.]][[ 0.  0.  0. ...,  0.  0.  0.]][[ 0.  0.  0. ...,  0.  0.  0.]][[ 0.  0.  0. ...,  0.  0.  0.]][[  0.00000000e+00   0.00000000e+00   0.00000000e+00 ...,   2.15056538e-06
    0.00000000e+00   2.15056538e-06]][[ 0.  0.  0. ...,  0.  0.  0.]][[ 0.  0.  0. ...,  0.  0.  0.]][[  6.88532235e-02   0.00000000e+00   0.00000000e+00 ...,   7.88171128e-05
    0.00000000e+00   7.88171128e-05]][[ 0.  0.  0. ...,  0.  0.  0.]][[ 0.  0.  0. ...,  0.  0.  0.]][[ 0.  0.  0. ...,  0.  0.  0.]][[ 0.  0.  0. ...,  0.  0.  0.]][[ 0.          0.          0.         ...,  0.00012742  0.          0.00012742]][[ 0.  0.  0. ...,  0.  0.  0.]][[ 0.  0.  0. ...,  0.  0.  0.]][[ 0.  0.  0. ...,  0.  0.  0.]][[ 0.          0.24652514  0.         ...,  0.          0.          0.        ]][[  0.00000000e+00   0.00000000e+00   0.00000000e+00 ...,   4.48402342e-06
    0.00000000e+00   4.48402342e-06]][[ 0.  0.  0. ...,  0.  0.  0.]][[ 0.  0.  0. ...,  0.  0.  0.]][[ 0.28299506  0.          0.         ...,  0.          0.          0.        ]][[  1.69259466e-01   0.00000000e+00   0.00000000e+00 ...,   1.60277986e-06
    0.00000000e+00   1.60277986e-06]][[ 0.  0.  0. ...,  0.  0.  0.]][[ 0.  0.  0. ...,  0.  0.  0.]][[ 0.  0.  0. ...,  0.  0.  0.]][[ 0.  0.  0. ...,  0.  0.  0.]][[ 0.  0.  0. ...,  0.  0.  0.]][[  0.00000000e+00   0.00000000e+00   0.00000000e+00 ...,   1.08443403e-05
    0.00000000e+00   1.08443403e-05]][[ 0.  0.  0. ...,  0.  0.  0.]][[ 0.  0.  0. ...,  0.  0.  0.]][[ 0.  0.  0. ...,  0.  0.  0.]][[ 0.  0.  0. ...,  0.  0.  0.]][[ 0.  0.  0. ...,  0.  0.  0.]][[  0.00000000e+00   0.00000000e+00   0.00000000e+00 ...,   5.46089996e-05
    0.00000000e+00   5.46089996e-05]][[ 0.  0.  0. ...,  0.  0.  0.]][[ 0.  0.  0. ...,  0.  0.  0.]][[ 0.  0.  0. ...,  0.  0.  0.]][[ 0.  0.  0. ...,  0.  0.  0.]][[ 0.  0.  0. ...,  0.  0.  0.]][[ 0.  0.  0. ...,  0.  0.  0.]][[ 0.  0.  0. ...,  0.  0.  0.]][[ 0.  0.  0. ...,  0.  0.  0.]][[ 0.  0.  0. ...,  0.  0.  0.]][[ 0.  0.  0. ...,  0.  0.  0.]][[ 0.  0.  0. ...,  0.  0.  0.]][[ 0.  0.  0. ...,  0.  0.  0.]][[ 0.  0.  0. ...,  0.  0.  0.]][[ 0.1913448  0.         0.        ...,  0.         0.         0.       ]][[ 0.  0.  0. ...,  0.  0.  0.]][[ 0.  0.  0. ...,  0.  0.  0.]][[  0.00000000e+00   0.00000000e+00   0.00000000e+00 ...,   8.49473327e-05
    0.00000000e+00   8.49473327e-05]][[ 0.  0.  0. ...,  0.  0.  0.]][[ 0.54063623  0.          0.         ...,  0.          0.          0.        ]][[ 0.  0.  0. ...,  0.  0.  0.]][[ 0.  0.  0. ...,  0.  0.  0.]][[ 0.  0.  0. ...,  0.  0.  0.]][[ 0.60835825  0.          0.         ...,  0.          0.          0.        ]][[ 0.  0.  0. ...,  0.  0.  0.]][[ 0.  0.  0. ...,  0.  0.  0.]][[ 0.  0.  0. ...,  0.  0.  0.]][[ 0.  0.  0. ...,  0.  0.  0.]][[ 0.  0.  0. ...,  0.  0.  0.]][[ 0.  0.  0. ...,  0.  0.  0.]][[ 0.  0.  0. ...,  0.  0.  0.]][[ 0.  0.  0. ...,  0.  0.  0.]][[ 0.  0.  0. ...,  0.  0.  0.]][[ 0.  0.  0. ...,  0.  0.  0.]][[ 0.  0.  0. ...,  0.  0.  0.]][[ 0.  0.  0. ...,  0.  0.  0.]][[ 0.  0.  0. ...,  0.  0.  0.]][[ 0.  0.  0. ...,  0.  0.  0.]][[ 0.  0.  0. ...,  0.  0.  0.]][[ 0.  0.  0. ...,  0.  0.  0.]][[ 0.  0.  0. ...,  0.  0.  0.]][[ 0.  0.  0. ...,  0.  0.  0.]][[  0.00000000e+00   0.00000000e+00   0.00000000e+00 ...,   1.39384867e-06
    0.00000000e+00   1.39384867e-06]][[ 0.16358282  0.          0.         ...,  0.          0.          0.        ]][[ 0.  0.  0. ...,  0.  0.  0.]][[ 0.  0.  0. ...,  0.  0.  0.]][[ 0.  0.  0. ...,  0.  0.  0.]][[ 0.  0.  0. ...,  0.  0.  0.]][[ 0.21692805  0.          0.         ...,  0.          0.          0.        ]][[ 0.  0.  0. ...,  0.  0.  0.]][[ 0.  0.  0. ...,  0.  0.  0.]][[ 0.  0.  0. ...,  0.  0.  0.]][[ 0.  0.  0. ...,  0.  0.  0.]][[ 0.  0.  0. ...,  0.  0.  0.]][[ 0.  0.  0. ...,  0.  0.  0.]][[ 0.31806913  0.04079468  0.         ...,  0.          0.          0.        ]][[ 0.  0.  0. ...,  0.  0.  0.]][[  0.00000000e+00   0.00000000e+00   0.00000000e+00 ...,   6.11620795e-05
    0.00000000e+00   6.11620795e-05]][[  0.00000000e+00   0.00000000e+00   0.00000000e+00 ...,   7.28119994e-05
    0.00000000e+00   7.28119994e-05]][[ 0.  0.  0. ...,  0.  0.  0.]][[ 0.  0.  0. ...,  0.  0.  0.]][[ 0.  0.  0. ...,  0.  0.  0.]][[ 0.  0.  0. ...,  0.  0.  0.]][[ 0.02671704  0.          0.         ...,  0.          0.          0.        ]][[ 0.  0.  0. ...,  0.  0.  0.]][[ 0.  0.  0. ...,  0.  0.  0.]][[ 0.  0.  0. ...,  0.  0.  0.]][[ 0.  0.  0. ...,  0.  0.  0.]][[ 0.  0.  0. ...,  0.  0.  0.]][[ 0.  0.  0. ...,  0.  0.  0.]][[ 0.  0.  0. ...,  0.  0.  0.]][[ 0.  0.  0. ...,  0.  0.  0.]][[ 0.  0.  0. ...,  0.  0.  0.]][[ 0.  0.  0. ...,  0.  0.  0.]][[ 0.  0.  0. ...,  0.  0.  0.]][[ 0.  0.  0. ...,  0.  0.  0.]][[ 0.16218469  0.          0.         ...,  0.          0.          0.        ]][[ 0.  0.  0. ...,  0.  0.  0.]][[ 0.08488116  0.          0.         ...,  0.          0.          0.        ]][[ 0.  0.  0. ...,  0.  0.  0.]][[ 0.  0.  0. ...,  0.  0.  0.]][[ 0.  0.  0. ...,  0.  0.  0.]][[ 0.  0.  0. ...,  0.  0.  0.]][[ 0.  0.  0. ...,  0.  0.  0.]][[ 0.  0.  0. ...,  0.  0.  0.]][[ 0.  0.  0. ...,  0.  0.  0.]][[ 0.  0.  0. ...,  0.  0.  0.]][[ 0.  0.  0. ...,  0.  0.  0.]][[ 0.06772014  0.          0.         ...,  0.          0.          0.        ]][[ 0.  0.  0. ...,  0.  0.  0.]][[ 0.  0.  0. ...,  0.  0.  0.]][[ 0.  0.  0. ...,  0.  0.  0.]][[ 0.  0.  0. ...,  0.  0.  0.]][[ 0.  0.  0. ...,  0.  0.  0.]][[ 0.  0.  0. ...,  0.  0.  0.]][[ 0.  0.  0. ...,  0.  0.  0.]][[  0.00000000e+00   0.00000000e+00   0.00000000e+00 ...,   1.02277725e-05
    0.00000000e+00   1.02277725e-05]][[ 0.  0.  0. ...,  0.  0.  0.]][[ 0.  0.  0. ...,  0.  0.  0.]][[ 0.  0.  0. ...,  0.  0.  0.]][[ 0.  0.  0. ...,  0.  0.  0.]][[ 0.  0.  0. ...,  0.  0.  0.]][[ 0.  0.  0. ...,  0.  0.  0.]][[ 0.  0.  0. ...,  0.  0.  0.]][[  0.00000000e+00   0.00000000e+00   0.00000000e+00 ...,   1.16721526e-05
    0.00000000e+00   1.16721526e-05]][[ 0.  0.  0. ...,  0.  0.  0.]][[ 0.          0.          0.         ...,  0.00152905  0.          0.00152905]][[ 0.  0.  0. ...,  0.  0.  0.]][[ 0.          0.          0.         ...,  0.00152905  0.          0.00152905]][[ 0.          0.          0.         ...,  0.00152905  0.          0.00152905]][[ 0.          0.          0.         ...,  0.00152905  0.          0.00152905]][[ 0.          0.          0.         ...,  0.00152905  0.          0.00152905]][[ 0.  0.  0. ...,  0.  0.  0.]][[ 0.  0.  0. ...,  0.  0.  0.]][[ 0.  0.  0. ...,  0.  0.  0.]][[ 0.  0.  0. ...,  0.  0.  0.]][[ 0.          0.          0.         ...,  0.00152905  0.          0.00152905]][[ 0.          0.          0.         ...,  0.00152905  0.          0.00152905]][[ 0.          0.          0.         ...,  0.00152905  0.          0.00152905]][[ 0.  0.  0. ...,  0.  0.  0.]][[ 0.          0.          0.         ...,  0.00152905  0.          0.00152905]][[ 0.  0.  0. ...,  0.  0.  0.]][[ 0.  0.  0. ...,  0.  0.  0.]][[ 0.          0.          0.         ...,  0.00152905  0.          0.00152905]][[ 0.          0.          0.         ...,  0.00152905  0.          0.00152905]][[ 0.  0.  0. ...,  0.  0.  0.]][[ 0.  0.  0. ...,  0.  0.  0.]][[ 0.  0.  0. ...,  0.  0.  0.]][[ 0.          0.          0.         ...,  0.00152905  0.          0.00152905]][[ 0.  0.  0. ...,  0.  0.  0.]][[ 0.          0.          0.         ...,  0.00152905  0.          0.00152905]][[ 0.          0.          0.         ...,  0.00152905  0.          0.00152905]][[ 0.          0.          0.         ...,  0.00152905  0.          0.00152905]][[ 0.          0.          0.         ...,  0.00152905  0.          0.00152905]][[ 0.          0.          0.         ...,  0.00152905  0.          0.00152905]][[ 0.  0.  0. ...,  0.  0.  0.]][[ 0.          0.          0.         ...,  0.00152905  0.          0.00152905]][[ 0.  0.  0. ...,  0.  0.  0.]][[ 0.          0.          0.         ...,  0.00152905  0.          0.00152905]][[ 0.          0.          0.         ...,  0.00152905  0.          0.00152905]][[ 0.  0.  0. ...,  0.  0.  0.]][[ 0.          0.          0.         ...,  0.00152905  0.          0.00152905]][[ 0.  0.  0. ...,  0.  0.  0.]][[ 0.  0.  0. ...,  0.  0.  0.]][[ 0.          0.          0.         ...,  0.00152905  0.          0.00152905]][[ 0.          0.          0.         ...,  0.00152905  0.          0.00152905]][[ 0.  0.  0. ...,  0.  0.  0.]][[ 0.  0.  0. ...,  0.  0.  0.]][[ 0.  0.  0. ...,  0.  0.  0.]][[ 0.          0.          0.         ...,  0.00152905  0.          0.00152905]][[ 0.          0.          0.         ...,  0.00152905  0.          0.00152905]][[ 0.          0.          0.         ...,  0.00152905  0.          0.00152905]][[ 0.  0.  0. ...,  0.  0.  0.]][[ 0.  0.  0. ...,  0.  0.  0.]][[ 0.  0.  0. ...,  0.  0.  0.]][[ 0.          0.          0.         ...,  0.00152905  0.          0.00152905]][[ 0.          0.          0.         ...,  0.00152905  0.          0.00152905]][[ 0.          0.          0.         ...,  0.00050968  0.          0.00050968]][[ 0.  0.  0. ...,  0.  0.  0.]][[ 0.  0.  0. ...,  0.  0.  0.]][[ 0.          0.          0.         ...,  0.00152905  0.          0.00152905]][[ 0.          0.          0.         ...,  0.00152905  0.          0.00152905]][[ 0.          0.          0.         ...,  0.00152905  0.          0.00152905]][[ 0.          0.          0.         ...,  0.00152905  0.          0.00152905]][[ 0.          0.          0.         ...,  0.00152905  0.          0.00152905]][[ 0.          0.          0.         ...,  0.00152905  0.          0.00152905]][[  2.51973497e-01   0.00000000e+00   0.00000000e+00 ...,   2.88500375e-05
    0.00000000e+00   2.88500375e-05]][[ 0.          0.          0.         ...,  0.00152905  0.          0.00152905]][[ 0.  0.  0. ...,  0.  0.  0.]][[ 0.          0.          0.         ...,  0.00152905  0.          0.00152905]][[ 0.          0.          0.         ...,  0.00152905  0.          0.00152905]][[ 0.          0.          0.         ...,  0.00152905  0.          0.00152905]][[ 0.          0.          0.         ...,  0.00152905  0.          0.00152905]][[ 0.          0.          0.         ...,  0.00152905  0.          0.00152905]][[ 0.01250904  0.          0.         ...,  0.          0.          0.        ]][[  4.18680323e-01   0.00000000e+00   0.00000000e+00 ...,   3.45548472e-05
    0.00000000e+00   3.45548472e-05]][[ 0.          0.          0.         ...,  0.00152905  0.          0.00152905]][[ 0.  0.  0. ...,  0.  0.  0.]][[ 0.          0.          0.         ...,  0.00152905  0.          0.00152905]][[ 0.  0.  0. ...,  0.  0.  0.]][[ 0.  0.  0. ...,  0.  0.  0.]][[ 0.          0.          0.         ...,  0.00152905  0.          0.00152905]][[ 0.          0.          0.         ...,  0.00152905  0.          0.00152905]][[ 0.          0.          0.         ...,  0.00152905  0.          0.00152905]][[ 0.          0.          0.         ...,  0.00152905  0.          0.00152905]][[ 0.          0.          0.         ...,  0.00152905  0.          0.00152905]][[ 0.          0.          0.         ...,  0.00152905  0.          0.00152905]][[ 0.          0.          0.         ...,  0.00152905  0.          0.00152905]][[ 0.  0.  0. ...,  0.  0.  0.]][[ 0.          0.          0.         ...,  0.00152905  0.          0.00152905]][[ 0.  0.  0. ...,  0.  0.  0.]][[ 0.          0.          0.         ...,  0.00152905  0.          0.00152905]][[ 0.          0.          0.         ...,  0.00152905  0.          0.00152905]][[ 0.          0.          0.         ...,  0.00152905  0.          0.00152905]][[ 0.          0.          0.         ...,  0.00152905  0.          0.00152905]][[ 0.          0.          0.         ...,  0.00152905  0.          0.00152905]][[ 0.          0.          0.         ...,  0.00152905  0.          0.00152905]][[ 0.  0.  0. ...,  0.  0.  0.]][[ 0.  0.  0. ...,  0.  0.  0.]][[ 0.  0.  0. ...,  0.  0.  0.]][[ 0.          0.          0.         ...,  0.00152905  0.          0.00152905]][[ 0.  0.  0. ...,  0.  0.  0.]][[ 0.  0.  0. ...,  0.  0.  0.]][[ 0.  0.  0. ...,  0.  0.  0.]][[ 0.          0.          0.         ...,  0.00152905  0.          0.00152905]][[ 0.  0.  0. ...,  0.  0.  0.]][[ 0.          0.          0.         ...,  0.00152905  0.          0.00152905]][[ 0.  0.  0. ...,  0.  0.  0.]][[ 0.  0.  0. ...,  0.  0.  0.]][[ 0.          0.          0.         ...,  0.00152905  0.          0.00152905]][[ 0.          0.          0.         ...,  0.00152905  0.          0.00152905]][[ 0.          0.          0.         ...,  0.00152905  0.          0.00152905]][[ 0.          0.          0.         ...,  0.00152905  0.          0.00152905]][[ 0.  0.  0. ...,  0.  0.  0.]][[ 0.  0.  0. ...,  0.  0.  0.]][[ 0.  0.  0. ...,  0.  0.  0.]][[ 0.          0.          0.         ...,  0.00152905  0.          0.00152905]][[ 0.          0.          0.         ...,  0.00152905  0.          0.00152905]][[  0.00000000e+00   0.00000000e+00   0.00000000e+00 ...,   3.01291032e-05
    0.00000000e+00   3.01291032e-05]][[ 0.          0.          0.         ...,  0.00152905  0.          0.00152905]][[ 0.  0.  0. ...,  0.  0.  0.]][[ 0.          0.          0.         ...,  0.00152905  0.          0.00152905]][[ 0.  0.  0. ...,  0.  0.  0.]][[ 0.          0.          0.         ...,  0.00152905  0.          0.00152905]][[ 0.          0.          0.         ...,  0.00152905  0.          0.00152905]][[ 0.          0.          0.         ...,  0.00152905  0.          0.00152905]][[ 0.          0.          0.         ...,  0.00152905  0.          0.00152905]][[ 0.          0.          0.         ...,  0.00152905  0.          0.00152905]][[ 0.          0.          0.         ...,  0.00152905  0.          0.00152905]][[ 0.          0.          0.         ...,  0.00152905  0.          0.00152905]][[ 0.          0.          0.         ...,  0.00152905  0.          0.00152905]][[ 0.          0.          0.         ...,  0.00152905  0.          0.00152905]][[ 0.          0.          0.         ...,  0.00152905  0.          0.00152905]][[ 0.          0.          0.         ...,  0.00152905  0.          0.00152905]][[ 0.          0.          0.         ...,  0.00152905  0.          0.00152905]][[ 0.          0.          0.         ...,  0.00152905  0.          0.00152905]][[ 0.          0.          0.         ...,  0.00152905  0.          0.00152905]][[ 0.          0.          0.         ...,  0.00152905  0.          0.00152905]][[ 0.          0.          0.         ...,  0.00152905  0.          0.00152905]][[ 0.          0.          0.         ...,  0.00152905  0.          0.00152905]][[ 0.          0.          0.         ...,  0.00152905  0.          0.00152905]][[ 0.          0.          0.         ...,  0.00152905  0.          0.00152905]][[ 0.          0.          0.         ...,  0.00152905  0.          0.00152905]][[ 0.          0.          0.         ...,  0.00152905  0.          0.00152905]][[ 0.          0.          0.         ...,  0.00152905  0.          0.00152905]][[ 0.          0.          0.         ...,  0.00152905  0.          0.00152905]][[ 0.          0.          0.         ...,  0.00152905  0.          0.00152905]][[ 0.          0.          0.         ...,  0.00152905  0.          0.00152905]][[ 0.  0.  0. ...,  0.  0.  0.]][[ 0.          0.          0.         ...,  0.00152905  0.          0.00152905]][[ 0.          0.          0.         ...,  0.00152905  0.          0.00152905]][[ 0.          0.          0.         ...,  0.00152905  0.          0.00152905]][[ 0.          0.          0.         ...,  0.00152905  0.          0.00152905]][[ 0.          0.          0.         ...,  0.00152905  0.          0.00152905]][[ 0.  0.  0. ...,  0.  0.  0.]][[ 0.          0.          0.         ...,  0.00152905  0.          0.00152905]][[ 0.          0.          0.         ...,  0.00152905  0.          0.00152905]][[ 0.          0.          0.         ...,  0.00152905  0.          0.00152905]][[ 0.          0.          0.         ...,  0.00152905  0.          0.00152905]][[ 0.          0.          0.         ...,  0.00152905  0.          0.00152905]][[ 0.          0.          0.         ...,  0.00152905  0.          0.00152905]][[ 0.          0.          0.         ...,  0.00152905  0.          0.00152905]][[ 0.  0.  0. ...,  0.  0.  0.]][[ 0.          0.          0.         ...,  0.00152905  0.          0.00152905]][[ 0.          0.          0.         ...,  0.00152905  0.          0.00152905]][[ 0.          0.          0.         ...,  0.00152905  0.          0.00152905]][[ 0.  0.  0. ...,  0.  0.  0.]][[ 0.          0.          0.         ...,  0.00152905  0.          0.00152905]][[ 0.          0.          0.         ...,  0.00152905  0.          0.00152905]][[ 0.          0.          0.         ...,  0.00152905  0.          0.00152905]][[ 0.          0.          0.         ...,  0.00152905  0.          0.00152905]][[ 0.          0.          0.         ...,  0.00152905  0.          0.00152905]][[ 0.          0.          0.         ...,  0.00152905  0.          0.00152905]][[ 0.          0.          0.         ...,  0.00152905  0.          0.00152905]][[ 0.          0.          0.         ...,  0.00152905  0.          0.00152905]][[ 0.          0.          0.         ...,  0.00152905  0.          0.00152905]][[ 0.          0.          0.         ...,  0.00152905  0.          0.00152905]][[ 0.          0.          0.         ...,  0.00152905  0.          0.00152905]][[ 0.          0.          0.         ...,  0.00152905  0.          0.00152905]][[ 0.          0.          0.         ...,  0.00152905  0.          0.00152905]][[ 0.          0.          0.         ...,  0.00152905  0.          0.00152905]][[ 0.          0.          0.         ...,  0.00152905  0.          0.00152905]][[ 0.          0.          0.         ...,  0.00152905  0.          0.00152905]][[ 0.          0.          0.         ...,  0.00152905  0.          0.00152905]][[ 0.          0.          0.         ...,  0.00152905  0.          0.00152905]][[ 0.          0.          0.         ...,  0.00152905  0.          0.00152905]][[ 0.          0.          0.         ...,  0.00152905  0.          0.00152905]][[ 0.          0.          0.         ...,  0.00152905  0.          0.00152905]][[ 0.          0.          0.         ...,  0.00152905  0.          0.00152905]][[ 0.          0.          0.         ...,  0.00152905  0.          0.00152905]][[ 0.          0.          0.         ...,  0.00152905  0.          0.00152905]][[ 0.          0.          0.         ...,  0.00152905  0.          0.00152905]][[ 0.          0.          0.         ...,  0.00152905  0.          0.00152905]][[ 0.          0.          0.09184869 ...,  0.          0.          0.        ]][[ 0.          0.          0.         ...,  0.00152905  0.          0.00152905]][[ 0.          0.          0.         ...,  0.00152905  0.          0.00152905]][[ 0.          0.          0.         ...,  0.00152905  0.          0.00152905]][[ 0.          0.          0.         ...,  0.00152905  0.          0.00152905]][[ 0.          0.          0.         ...,  0.00152905  0.          0.00152905]][[ 0.          0.          0.         ...,  0.00152905  0.          0.00152905]][[ 0.          0.          0.         ...,  0.00152905  0.          0.00152905]][[ 0.  0.  0. ...,  0.  0.  0.]][[ 0.          0.          0.         ...,  0.00152905  0.          0.00152905]][[ 0.          0.          0.         ...,  0.00152905  0.          0.00152905]][[ 0.          0.          0.         ...,  0.00152905  0.          0.00152905]][[ 0.          0.          0.         ...,  0.00152905  0.          0.00152905]][[ 0.  0.  0. ...,  0.  0.  0.]][[ 0.          0.          0.         ...,  0.00152905  0.          0.00152905]][[ 0.  0.  0. ...,  0.  0.  0.]][[ 0.  0.  0. ...,  0.  0.  0.]][[ 0.          0.          0.         ...,  0.00152905  0.          0.00152905]][[ 0.  0.  0. ...,  0.  0.  0.]][[ 0.          0.          0.         ...,  0.00152905  0.          0.00152905]][[ 0.          0.          0.         ...,  0.00152905  0.          0.00152905]][[ 0.          0.          0.         ...,  0.00152905  0.          0.00152905]][[ 0.          0.          0.         ...,  0.00152905  0.          0.00152905]][[ 0.  0.  0. ...,  0.  0.  0.]][[ 0.  0.  0. ...,  0.  0.  0.]][[ 0.          0.          0.         ...,  0.00152905  0.          0.00152905]][[ 0.          0.          0.         ...,  0.00152905  0.          0.00152905]][[ 0.          0.          0.         ...,  0.00152905  0.          0.00152905]][[ 0.          0.          0.         ...,  0.00152905  0.          0.00152905]][[ 0.          0.          0.         ...,  0.00152905  0.          0.00152905]][[ 0.          0.          0.         ...,  0.00152905  0.          0.00152905]][[ 0.  0.  0. ...,  0.  0.  0.]][[ 0.          0.          0.         ...,  0.00152905  0.          0.00152905]][[ 0.          0.          0.         ...,  0.00152905  0.          0.00152905]][[ 0.          0.          0.         ...,  0.00152905  0.          0.00152905]][[ 0.          0.          0.         ...,  0.00152905  0.          0.00152905]][[ 0.          0.          0.         ...,  0.00152905  0.          0.00152905]][[ 0.          0.          0.         ...,  0.00152905  0.          0.00152905]][[ 0.          0.          0.         ...,  0.00152905  0.          0.00152905]][[ 0.          0.          0.         ...,  0.00152905  0.          0.00152905]][[ 0.  0.  0. ...,  0.  0.  0.]][[ 0.          0.          0.         ...,  0.00152905  0.          0.00152905]][[ 0.          0.          0.         ...,  0.00152905  0.          0.00152905]][[ 0.          0.          0.         ...,  0.00152905  0.          0.00152905]][[ 0.          0.          0.         ...,  0.00152905  0.          0.00152905]][[ 0.          0.          0.         ...,  0.00152905  0.          0.00152905]][[ 0.          0.          0.         ...,  0.00152905  0.          0.00152905]][[ 0.  0.  0. ...,  0.  0.  0.]][[ 0.          0.          0.         ...,  0.00152905  0.          0.00152905]][[ 0.  0.  0. ...,  0.  0.  0.]][[ 0.  0.  0. ...,  0.  0.  0.]][[ 0.          0.          0.         ...,  0.00152905  0.          0.00152905]][[ 0.  0.  0. ...,  0.  0.  0.]][[ 0.          0.          0.         ...,  0.00152905  0.          0.00152905]][[ 0.          0.          0.         ...,  0.00152905  0.          0.00152905]][[ 0.  0.  0. ...,  0.  0.  0.]][[ 0.          0.          0.         ...,  0.00152905  0.          0.00152905]][[ 0.          0.          0.         ...,  0.00152905  0.          0.00152905]][[ 0.  0.  0. ...,  0.  0.  0.]][[ 0.  0.  0. ...,  0.  0.  0.]][[ 0.          0.          0.         ...,  0.00152905  0.          0.00152905]][[ 0.          0.          0.         ...,  0.00152905  0.          0.00152905]][[ 0.          0.          0.         ...,  0.00152905  0.          0.00152905]][[ 0.          0.          0.         ...,  0.00152905  0.          0.00152905]][[ 0.          0.          0.         ...,  0.00152905  0.          0.00152905]][[ 0.          0.          0.         ...,  0.00152905  0.          0.00152905]][[ 0.          0.          0.         ...,  0.00152905  0.          0.00152905]][[ 0.          0.          0.         ...,  0.00152905  0.          0.00152905]][[ 0.          0.          0.         ...,  0.00152905  0.          0.00152905]][[ 0.  0.  0. ...,  0.  0.  0.]][[ 0.          0.          0.         ...,  0.00152905  0.          0.00152905]][[ 0.          0.          0.         ...,  0.00152905  0.          0.00152905]][[ 0.          0.          0.         ...,  0.00152905  0.          0.00152905]][[ 0.          0.          0.         ...,  0.00152905  0.          0.00152905]][[ 0.          0.          0.         ...,  0.00152905  0.          0.00152905]][[ 0.          0.          0.         ...,  0.00152905  0.          0.00152905]][[ 0.          0.          0.         ...,  0.00152905  0.          0.00152905]][[ 0.          0.          0.         ...,  0.00152905  0.          0.00152905]][[ 0.          0.          0.         ...,  0.00152905  0.          0.00152905]][[ 0.          0.          0.         ...,  0.00152905  0.          0.00152905]][[ 0.24135375  0.          0.         ...,  0.          0.          0.        ]][[ 0.          0.          0.         ...,  0.00152905  0.          0.00152905]][[ 0.          0.          0.         ...,  0.00152905  0.          0.00152905]][[ 0.  0.  0. ...,  0.  0.  0.]][[ 0.  0.  0. ...,  0.  0.  0.]][[ 0.          0.          0.         ...,  0.00152905  0.          0.00152905]][[ 0.  0.  0. ...,  0.  0.  0.]][[ 0.  0.  0. ...,  0.  0.  0.]][[ 0.  0.  0. ...,  0.  0.  0.]][[ 0.  0.  0. ...,  0.  0.  0.]][[ 0.          0.          0.         ...,  0.00152905  0.          0.00152905]][[ 0.  0.  0. ...,  0.  0.  0.]][[ 0.          0.          0.         ...,  0.00152905  0.          0.00152905]][[ 0.          0.          0.         ...,  0.00152905  0.          0.00152905]][[ 0.          0.          0.         ...,  0.00152905  0.          0.00152905]][[ 0.  0.  0. ...,  0.  0.  0.]][[ 0.          0.          0.         ...,  0.00152905  0.          0.00152905]][[ 0.  0.  0. ...,  0.  0.  0.]][[ 0.          0.          0.         ...,  0.00152905  0.          0.00152905]][[ 0.  0.  0. ...,  0.  0.  0.]][[ 0.  0.  0. ...,  0.  0.  0.]][[ 0.          0.          0.         ...,  0.00152905  0.          0.00152905]][[ 0.          0.          0.         ...,  0.00152905  0.          0.00152905]][[ 0.          0.          0.         ...,  0.00152905  0.          0.00152905]][[ 0.          0.          0.         ...,  0.00152905  0.          0.00152905]][[ 0.  0.  0. ...,  0.  0.  0.]][[ 0.  0.  0. ...,  0.  0.  0.]][[ 0.  0.  0. ...,  0.  0.  0.]][[ 0.          0.          0.         ...,  0.00152905  0.          0.00152905]][[ 0.          0.          0.         ...,  0.00152905  0.          0.00152905]][[ 0.          0.          0.         ...,  0.00152905  0.          0.00152905]][[ 0.          0.          0.         ...,  0.00152905  0.          0.00152905]][[ 0.          0.          0.         ...,  0.00152905  0.          0.00152905]][[ 0.  0.  0. ...,  0.  0.  0.]][[ 0.  0.  0. ...,  0.  0.  0.]][[ 0.          0.          0.         ...,  0.00152905  0.          0.00152905]][[ 0.          0.          0.         ...,  0.00152905  0.          0.00152905]][[ 0.          0.          0.         ...,  0.00152905  0.          0.00152905]][[ 0.          0.          0.         ...,  0.00152905  0.          0.00152905]][[ 0.          0.          0.         ...,  0.00152905  0.          0.00152905]][[ 0.          0.          0.         ...,  0.00152905  0.          0.00152905]][[ 0.          0.          0.         ...,  0.00152905  0.          0.00152905]][[ 0.          0.          0.         ...,  0.00152905  0.          0.00152905]][[ 0.          0.          0.         ...,  0.00152905  0.          0.00152905]][[ 0.          0.          0.         ...,  0.00152905  0.          0.00152905]][[ 0.          0.          0.         ...,  0.00152905  0.          0.00152905]][[ 0.  0.  0. ...,  0.  0.  0.]][[ 0.  0.  0. ...,  0.  0.  0.]][[ 0.  0.  0. ...,  0.  0.  0.]][[ 0.          0.          0.         ...,  0.00152905  0.          0.00152905]][[ 0.          0.          0.         ...,  0.00152905  0.          0.00152905]][[ 0.  0.  0. ...,  0.  0.  0.]][[ 0.  0.  0. ...,  0.  0.  0.]][[ 0.  0.  0. ...,  0.  0.  0.]][[ 0.  0.  0. ...,  0.  0.  0.]][[ 0.          0.          0.         ...,  0.00152905  0.          0.00152905]][[ 0.          0.          0.         ...,  0.00152905  0.          0.00152905]][[ 0.          0.          0.         ...,  0.00152905  0.          0.00152905]][[ 0.          0.          0.         ...,  0.00152905  0.          0.00152905]][[ 0.          0.          0.         ...,  0.00152905  0.          0.00152905]][[ 0.  0.  0. ...,  0.  0.  0.]][[ 0.  0.  0. ...,  0.  0.  0.]][[ 0.  0.  0. ...,  0.  0.  0.]][[ 0.  0.  0. ...,  0.  0.  0.]][[ 0.  0.  0. ...,  0.  0.  0.]][[ 0.          0.          0.         ...,  0.00152905  0.          0.00152905]][[ 0.          0.          0.         ...,  0.00152905  0.          0.00152905]][[ 0.          0.          0.         ...,  0.00152905  0.          0.00152905]][[ 0.  0.  0. ...,  0.  0.  0.]][[ 0.          0.          0.         ...,  0.00152905  0.          0.00152905]][[ 0.          0.          0.         ...,  0.00152905  0.          0.00152905]][[ 0.  0.  0. ...,  0.  0.  0.]][[ 0.          0.          0.         ...,  0.00152905  0.          0.00152905]][[ 0.          0.          0.         ...,  0.00152905  0.          0.00152905]][[ 0.  0.  0. ...,  0.  0.  0.]][[ 0.          0.          0.         ...,  0.00152905  0.          0.00152905]][[ 0.  0.  0. ...,  0.  0.  0.]][[ 0.          0.          0.         ...,  0.00152905  0.          0.00152905]][[ 0.          0.          0.         ...,  0.          0.00985222  0.        ]][[ 0.          0.          0.         ...,  0.00152905  0.          0.00152905]]